115
169
182
191
81
177
104
169
196
95
114
152
119
61
187
195
137
196
162
162
165
165
88
169
146
113
101
112
82
79
137
174
148
171
161
188
116
174
142
161
76
199
121
158
176
120
83
147
179
166
111
169
161
196
161
90
129
60
95
133
95
171
107
71
159
107
173
151
71
181
98
74
174
96
132
179
88
142
75
142
161
168
167
82
195
122
81
107
135
151
97
126
111
162
169
144
194
84
190
61
92
97
131
140
140
170
148
177
136
86
157
63
66
153
136
137
183
133
151
189
137
61
168
79
132
155
77
190
131
62
156
113
187
100
101
65
116
139
109
107
164
188
114
64
199
186
61
161
139
153
162
153
177
165
148
141
106
67
174
152
169
126
143
128
119
94
122
198
164
98
128
177
160
168
141
161
117
100
83
188
159
87
129
118
174
61
147
171
110
75
159
114
159
73
82
143
67
180
87
159
193
91
150
172
127
117
126
186
61
184
95
68
116
153
159
126
92
86
110
121
185
174
82
184
181
95
121
133
130
186
142
145
63
160
72
164
81
124
179
100
155
96
186
139
154
72
87
166
97
179
180
156
98
195
140
62
167
115
85
176
101
85
113
74
101
149
162
189
149
85
158
197
97
83
182
85
79
187
172
102
133
138
122
112
122
65
199
119
194
105
90
144
157
161
82
155
177
158
154
122
170
152
142
67
66
63
147
141
64
124
161
96
75
165
92
100
122
86
147
92
64
135
60
120
163
89
66
136
150
137
133
95
194
192
159
195
141
84
184
118
188
112
136
101
94
131
192
148
81
148
141
69
177
78
138
185
193
141
93
95
168
113
72
63
107
171
62
110
178
68
171
61
84
67
111
161
152
104
114
161
174
84
119
72
193
95
127
61
87
64
62
105
160
182
181
199
64
161
161
77
151
127
180
171
172
143
83
187
109
118
165
193
180
140
188
123
62
123
127
83
163
138
64
84
89
110
148
193
70
108
64
82
74
124
120
112
84
178
87
66
99
189
108
151
75
102
63
192
192
160
60
71
103
113
183
75
113
99
90
196
148
108
164
123
149
162
172
146
141
145
88
163
123
174
198
197
141
154
168
144
94
75
161
165
121
74
64
182
96
186
189
133
136
150
134
63
172
64
77
135
188
75
115
110
65
124
122
104
78
188
172
199
133
199
70
163
131
96
65
77
172
130
108
93
106
105
94
130
104
176
191
171
95
109
121
110
83
182
197
68
173
136
100
106
110
178
141
128
78
123
99
153
183
71
192
98
142
70
73
75
179
75
155
152
156
118
125
168
113
94
101
130
171
60
155
106
187
110
148
100
151
98
144
117
183
73
111
150
65
83
119
106
191
170
88
62
129
189
144
192
103
193
168
121
125
172
183
179
149
69
115
194
78
128
166
174
163
112
176
170
184
81
155
112
72
183
153
173
97
138
127
66
167
125
186
60
172
146
148
190
197
177
151
72
102
197
180
158
114
142
143
73
170
126
167
180
198
176
162
73
186
160
142
82
108
138
82
127
104
179
145
116
198
100
178
132
129
69
93
152
65
139
104
137
133
182
186
157
115
77
196
86
141
155
152
172
162
180
179
67
102
168
65
138
142
83
127
120
122
71
104
71
122
116
153
148
184
135
100
105
62
121
110
142
102
136
125
181
92
123
82
74
175
172
155
149
111
166
183
139
76
105
143
126
127
83
84
193
131
85
117
141
63
180
137
126
84
77
65
163
170
155
61
79
174
167
127
131
194
107
112
193
102
133
184
74
128
151
198
74
177
139
170
64
142
115
189
109
179
89
152
69
61
138
66
81
131
177
167
86
171
169
158
102
150
85
200
121
77
127
166
194
158
136
180
136
139
191
152
66
120
165
144
184
182
90
70
71
110
116
126
184
74
186
137
88
127
87
187
198
90
200
177
122
94
94
145
138
176
103
119
124
162
166
130
160
100
176
171
168
105
100
160
66
72
193
188
111
62
181
99
158
147
128
126
123
136
102
150
121
82
124
162
161
82
129
121
142
180
182
79
168
200
119
134
189
197
70
105
81
156
119
176
60
169
195
131
166
81
138
65
138
168
188
165
77
70
199
146
104
189
102
154
117
180
146
80
78
194
130
66
60
200
97
188
167
114
175
137
66
95
174
143
146
127
74
141
162
167
144
123
173
177
94
149
180
69
165
84
112
61
132
164
142
98
96
127
93
160
150
72
60
175
128
120
61
84
159
120
197
99
200
84
194
166
195
115
60
165
127
62
89
112
150
130
189
127
95
60
147
164
169
136
60
97
161
153
83
199
94
186
168
77
186
171
82
180
121
196
105
195
126
148
117
103
171
78
119
192
69
181
166
120
118
119
145
152
72
116
185
198
73
127
128
100
190
147
156
192
160
154
194
169
134
99
191
177
108
164
161
109
102
185
113
85
109
186
78
88
134
104
110
142
104
97
198
169
91
162
180
61
176
147
81
92
113
82
134
144
82
185
106
93
108
83
65
124
149
136
171
200
101
156
137
97
197
103
76
163
197
160
81
68
149
69
106
152
162
171
111
95
92
70
88
176
156
81
114
64
147
65
141
61
66
169
68
108
67
169
147
168
64
63
144
178
193
122
79
144
72
181
175
191
138
128
184
180
84
75
145
94
155
115
79
181
185
94
154
146
170
108
135
102
159
84
177
200
170
70
156
128
121
63
196
145
177
103
189
122
68
175
188
75
110
175
199
85
172
139
81
