4613
3228
6475
9551
8140
1028
5924
3862
4688
5809
6368
3298
5032
1562
6825
1155
2953
4875
6273
6944
7578
7712
6225
9293
3202
1517
5184
2593
7711
6483
9007
5582
2378
6476
7431
5139
2106
1167
4047
6547
2899
2412
4993
6061
3220
1612
3958
3560
5510
8799
3375
6643
3033
7958
5348
2587
8455
2019
9205
9134
2865
8644
8187
3451
5614
4785
1096
2850
3888
8805
7226
4200
8048
1376
5600
1145
6150
4208
6935
5276
3064
8803
2324
8405
8454
4465
1837
4470
1783
8220
5020
5504
1087
2384
3457
5112
1491
4300
8870
3228
6524
1958
8441
4211
4478
6463
9074
2736
8675
7397
7621
5648
3265
1118
1987
6223
6198
7354
1759
3959
7185
9474
9176
1409
8344
8375
5232
7227
4976
9574
6069
7629
7748
5884
3527
6814
7461
4377
4698
9837
2377
1191
8757
8618
1854
7640
8939
5978
9335
6039
4866
5390
9713
2023
2613
7481
2888
8091
5575
5253
3396
1517
2810
2061
1249
9830
6697
9506
5712
7069
7214
9479
1175
1825
5817
3777
5491
9130
9409
7179
6012
2976
6173
3504
5630
6994
8455
5787
8752
7455
1791
5605
8678
1377
4841
8920
8977
4008
7918
7592
5095
3975
1301
9808
3374
3340
9767
9067
4276
2151
9584
2656
7281
3209
9064
3120
4197
3420
1717
1909
4572
6504
3752
2198
8821
1656
8512
9233
8379
3465
5882
7442
3919
1817
3709
1651
1433
2182
9962
8457
6169
8585
3068
6051
1668
6735
5799
5685
5668
1372
6990
1217
2396
4934
5536
7958
7816
3065
6486
4425
6417
6640
1455
3683
8402
9136
7099
6116
5641
8842
9738
5820
3273
6217
2353
9915
3878
7867
9770
8371
2286
2764
3590
7031
8892
6896
7044
2835
7598
7897
6285
9641
2566
5084
8165
6184
6785
4013
9295
4117
3871
9779
5445
6270
8709
2234
1737
3651
3298
7564
4789
1326
6567
8428
4253
7435
7201
8380
9972
2035
7407
4661
1416
3892
6829
7087
2238
6453
8506
7474
5628
3480
2489
5238
2599
4267
3551
4440
3329
3310
4918
6470
7391
9300
8742
8959
3988
1413
4745
7116
9443
8237
6683
3124
9036
3627
2358
1107
8775
7652
5621
5682
7682
5169
4261
9354
6364
2126
9952
6566
1637
4959
4116
4325
6545
2036
5805
2900
1505
2641
8784
7381
7484
3547
5688
9822
5406
3818
3444
5857
2767
7795
4744
9400
1295
4492
1270
6636
3597
1707
8174
3140
2849
6118
1298
1349
8876
8303
3477
5834
8078
1236
8819
7229
3879
7320
1747
7231
8037
7439