75
78
50
72
24
51
54
26
39
54
22
94
48
100
14
64
8
64
59
1
56
68
73
74
63
36
47
38
76
39
38
20
82
59
18
70
42
72
7
6
78
49
21
71
13
53
70
62
78
47
34
82
83
38
18
52
95
87
21
75
8
39
0
41
25
18
71
57
95
44
89
58
48
37
90
31
35
5
48
92
9
3
0
27
76
86
14
65
94
14
40
76
89
71
49
44
60
32
80
96
72
17
92
26
6
26
19
27
56
53
95
70
41
51
57
88
84
42
15
74
12
1
34
80
65
18
12
62
78
37
4
6
66
95
36
71
46
25
88
24
38
52
77
67
96
66
57
84
57
96
25
91
96
61
43
22
74
66
68
65
53
86
49
40
41
65
14
39
92
92
87
58
62
35
77
46
0
13
35
27
80
82
75
27
25
49
33
95
24
89
23
79
28
37
36
9
68
12
18
70
11
100
14
10
96
40
72
77
14
79
9
9
6
58
22
49
0
9
54
23
21
51
34
33
75
4
49
75
75
11
13
63
44
56
80
88
3
20
71
36
72
9
70
53
36
2
44
43
44
59
41
16
60
41
1
17
14
49
65
97
91
52
41
65
2
50
58
92
12
62
79
81
82
35
31
76
81
86
7
95
30
1
15
52
63
33
80
62
93
23
25
30
55
96
65
53
61
18
32
20
15
7
8
94
38
81
9
86
99
88
21
74
59
98
90
87
54
83
20
35
7
79
78
21
58
31
9
70
23
80
62
74
37
39
50
6
19
84
14
23
95
83
9
25
59
55
10
43
11
48
48
22
71
13
73
59
90
12
37
22