36562
19566
46696
19499
39679
27421
48240
41795
32929
24422
45274
43748
43145
39849
10813
46345
28207
26156
44113
39095
49064
13442
18397
15241
38901
32284
34000
47809
34628
46129
46007
26486
11004
26154
45014
45644
26014
27655
14713
21121
20221
32457
46327
32170
26409
46534
32062
30939
19280
45641
16601
10139
45054
47841
20901
40617
12495
18401
39547
30974
14161
41474
13603
38526
18170
20963
35632
18054
34907
37571
44521
10233
17473
26557
27703
20811
40327
16317
15439
47942
40121
48856
37782
40794
22163
42859
39496
12109
39965
35713
17048
48265
25843
27840
47559
33290
48194
11059
34112
13319
26752
43305
18938
17245
43144
37613
39401
12151
28433
45550
11407
17780
12328
47908
23704
40107
31856
13522
18417
13011