13551
66954
4469
93243
51618
38857
54347
46723
4586
91060
92189
30832
43577
54420
76775
9668
10770
62561
94631
92118
13516
57760
7644
61599
78427
26665
74622
24845
57500
13401
27016
10601
74431
59402
88309
82401
88822
87415
84736
29307
86535
69664
90688
8729
59393
7496
54058
46594
51230
43471
81869
63663
3053
32225
51541
35854
42453
59617
83030
87580
10999
71791
58902
51919
90156
26352
76248
54875
73035
14349
35252
76949
69630
95741
10121
26208
11122
2463
5167
60266
53353
90156
96365
62064
69038
30535
71100
6758
99188
33062
24163
14619
99527
97588
15112
42465
11013
87205
18599
73174
87932
62526
53072
34306
47385
42138
99425
87489
58489
99481
40577
65452
26322
17726
55977
38776
1176
83132
13266
78153
32062
66608
67793
61835
72998
95231
15367
54012
41834
93037
27976
22029
68063
38571
45605
57114
36196
56450
57165
12478
3428
24254
20779
36851
59853
78342
55085
69129
63899
94144
90210
71671
65787
5980
60773
49149
63691
63623
27966
81245
4409
4152
72752
2591
25261
97423
76843
41005
39908
13507
8372
65443
4158
87678
65732
70419
53634
95492
8030
35831
55201
87484
33659
51498
76933
6960
33454
64798
40209
98551
54887
78958
26220
71584
16149
14971
82049
89642
86589
27662
14854
73900
31686
63873
10383
39984
37511
60757
35596
10463
43269
89697
47657
16130
85754
47346
71423
63553
78592
4303
2260
26155
8891
28173
81003
85839
45897
99622
18953
8146
64173
10758
35466
1982
49508
37472
83961
5792
78983
50774
79544
32149
97722
95580
64868
35889
55362
44327
96335
2483
76535
16129
92288
31432
96582
66028
30771
50011
21010
41731
24357
58666
45347
85832
47399
22172
34967
35094
64748
10840
18878
56868
69528
83363
60743
94293
47234
79770
74624
82799
2217
35259
88685
20196
91615
77248
6490
31908
17366
53630
30895
1095
87085
51694
24246
77686
66867
80238
21849
24008
84902
29198
6570
75904
32285
55242
67778
87042
46123
69527
48436
43572
46974
24264
75065
18251
35868
62759
9033
17258
46989
91279
93641
26647
57738
32371
45273
7683
42393
16015
58131
22428
46185
46825
76378
77999
39822
50619
35949
72439
95235
59599
30074
39922
15595
13264
30797
92799
8372
25688
16215
10386
30406
42141
44720
52274
29954
74466
35933
82280
18471
19562
95361
74211
4798
56780
57770
29178
12083
92891
96559
28896
78135
25504
56065
52841
14824
28336
7546
93598
8943
11174
23693
10450
10139
57684
99339
69914
70405
76774
67680
20187
7768
81956
29643
10323
31004
69288
38201
81823
94498
26601
32158
41231
62846
88451
2924
82153
55847
70177
98112
19673
32952
54342
27686
90504
24239
18695
6184
36962
6599
58786
2652
66247
35967
77037
7039
48170
26183
85442
40631
90534
48840
14313
81169
55414
98320
47511
73170
69744
88788
26092
61774
45339
8150
57843
88946
93825
14860
37622
4492
12064
53535
8938
95821
93726
96570
33633
44360
16132
28017
49177
64677
71048
84212
52510
63565
22272
2872
80619
82032
82297
16544
59520
98033
70996
29450
62688
10637
6843
16132
97107
98772
85082
94185
29308
63011
96442
52338
64598
34560
76489
87629
24848
70624
17071
48195
36012
23595
50870
2548
52792
36304
46834
61006
65333
76760
50571
17406
22199
7302
44239
53951
56913
21188
62357
7673
86134
58702
44989
56699
2198
45511
73714
48878
56545
60277
40094
67341
19149
87183
36479
19731
14645
23985
88483
81020
13529
90389
27616
22775
40392
7385
93447
9823
2064
78629
28560
59884
17410
90294
56603
30370
94101
51997
56563
62468
29072
64743
91875
52256
5935
52970
30584
76436
38885
23346
6894
23047
19805
48768
62866
6982
20129
12682
83260
75345
5938
12793
18792
99041
6670
7403
77143
74180
7153
36768
48434
94516
45700
79946
56422
8354
71785
47850
65521
81008
73635
96376
69571
86904
96477
48827
60219
43013
67686
80590
27961
33090
90560
80017
86529
78731
23055
93291
34969
63264
14272
96914
57197
21933
7737
7425
84973
32992
19602
67088
40208
83265
66848
12828
32234
30191
51203
61225
20295
91243
80692
33152
92813
45417
34346
77530
48229
69272
67867
2537
34695
19661
46351
75308
39961
32559
17382
65464
70079
72841
91398
9319
9191
96528
40533
14333
12001
82177
32695
55804
19633
46850
46131
65274
26285
61716
16242
22339
57638
49043
14108
59253
15535
17469
38136
57362
63831
24467
13406
56088
57855
61951
86620
55800
19525
42874
87183
32750
64764
71971
39342
6564
90469
74102
44496
13905
1264
99173
36636
57806
22729
34818
86051
24588
63498
61640
19549
82847
35818
80582
40044
2900
49584
58335
16079
79581
63104
10855
4178
71545
27140
46678
33360
34681
8842
85395
40353
55838
71381
77717
86137
2747
15916
58589
54625
4224
46945
77414
85815
13003
54483
2951
75367
32498
88049
19976
62768
62276
22332
78771
7054
9404
64853
59376
19108
26764
47577
93456
23781
51926
49238
74553
2399
92187
12870
76817
65873
98574
87385
61742
26337
33961
84440
44874
90683
87713
79377
19946
1818
76026
50383
20643
83645
2855
89316
77050
84216
72454
29324
60667
24060
84674
81046
55401
5534
49473
87921
44969
7723
26410
86655
16742
65895
88460
13817
53767
98479
74090
54988
76877
54777
35362
95364
9161
36206
22993
40910
30193
92684
67619
5745
60467
85344
82423
99695
77618
31394
50417
21925
22981
87525
51428
57687
82957
38531
63168
85955
3614
73149
34558
79026
49629
65370
18198
31248
6975
49201
89169
97249
38842
15125
12949
42375
70289
10503
13797
90961
91429
47123
56383
47837
3373
56757
52902
23151
80725
15165
30884
35978
51978
21006
77647
80230
6182
72573
16293
12342
55097
19716
69564
61332
59962
61961
31297
55268
11690
99696
54230
89535
95574
33259
53781
1863
6404
60678
34555
3850
69102
14115
25838
81882
87700
46884
40585
75427
52855
71916
44461
11539
88452
56727
56215
30702
49620
98052
76708
93708
9373
38617
2181
72610
99974
96882
57077
6285
61970
24405
48782
55123
81502
78676
51053
11671
44309
51709
38106
26654
42142
70214
8870
58160
11706
89538
25624
18624
86288
35532
44655
82193
90792
26700
42603
84397
62238
90793
5601
83860
92878
31001
17398
86327
81236
33420
38976
66586
73560
86946
23083
95654
32232
47515
44801
69137
73747
98855
29367
8174
98140
22808
52532
66398
77084
33130
79597
35218
64965
31148
70321
73239
28833
8764
94317
55705
91270
26112
43631
8997
13842
54047
45801
20540
58778
24925
63362
64151
84216
14928
88939
54213
76588
23508
67375
45300
32099
5633
22288
39898
54775
67549
84505
15365
64507
56734
65875
44804
25457
88168
95693
66022
15943
16583
34863
22180
25025
71873
70121
69918
74927
18015
17008
4026
56865
44572
37983
41832
17137
69282
16346
98517
74783
89911
4428
28195
55623
2298
31773
22974
44341
44382
63155
97081
17360
65902
33399
12141
97046
3092
27066
23994
37668
54761
83522
78695
51625
83025
64843
76129
75433
27651
17780
70508
10599
51229
48818
33970
74887
42195
94266
36547
76688
4485
95254
23350
84124
43116
84346
76193
89343
50399
85626
30250
12335
77607
8874
94877
39161
69836
79074
77780
80803
39960
91862
16002
17811
84245
58918
7543
22520
84962
7202
54462
73171
20148
82688
6352
8233
66193
83305
5523
14013
68749
42824
56827
2138
98681
18718
79488
63927
61804
49157
64929
75962
3093
82963
28534
15819
2429
37519
27637
63325
14370
13091
49413
81017
97076
27959
86230
62407
59417
78045
70681
90144
99251
50561
77049
43898
40515
14134
26283
21741
86505
19497
88287
55682
45307
94869
30028
42279
51038
30948
95811
74734
58777
85249
97250
71953
17763
26396
21642
6110
86419
60784
13619
35694
4084
4009
92568
49788
72575
23292
24101
32573
59363
47388
37683
9340
49416
86905
83378
47646
27315
51713
95232
84805
46981
44403
44599
14736
81985
4081
44155
86404
50476
74375
28774
34913
97806
98261
58921
91213
46424
91579
61433
65960
99789
79459
13004
31411
29140
58495
46420
11396
84032
6323
7985
58209
4193
3688
95899
51702
33219
94531
50313
1679
55908
55879
83479
63166
84059
79273
98525
86685
48127
50119
20656
28063
75931
68034
28346
21292
2351
87677
10767
35916
65120
8408
91347
45043
27373
25269
6335
22202
87267
15856
27705
10164
19284
29740
19006
78433
61973
11776
48437
99765
67405
57177
49012
1045
39913
32609
59019
15908
71050
96580
14944
41786
66226
52635
51702
43474
25794
30585
26839
52525
77390
22663
77410
52975
68023
71964
47512
89391
21234
31437
85127
22001
89920
60631
48472
37439
77643
67147
19190
21102
63631
10515
64810
8772
47559
82315
92788
8211
15625
48778
52369
49094
67703
71445
79683
40460
9511
25924
83256
67031
68256
90738
14733
74082
67147
14949
37691
18484
53225
54881
27908
79589
37950
80667
93333
65156
51428
55932
45572
53931
69515
54197
36688
31569
19226
41159
10163
38383
63565
85358
75848
12802
94160
5323
8383
71937
51902
43377
16283
77807
48762
33730
74198
79631
73004
13390
69887
90848
46518
92086
17262
87049
88628
57871
92534
51212
41767
66604
70730
54163
88448
25542
30307
78080
22025
84030
51217
74257
31366
6098
92059
35848
58085
24993
59126
94303
70831
89065
21065
8987
10627
92158
71815
40292
88949
97132
97139
46365
13554
2841
91928
99438
80660
9884
98069
34975
45946
45649
72310
8483
8252
20178
1010
67689
74385
41096
51544
6718
2797
8981
29265
52211
6330
51304
86027
11899
21115
3742
48014
69502
35939
64815
10192
98351
1528
93849
9426
57653
21696
33589
39777
94312
87855
87952
95891
27164
26548
60522
55989
36900
21003
11034
86885
40921
79818
84359
96719
52745
64709
71989
84890
38862
85490
2378
55974
45230
5963
83202
17400
34607
17767
84474
24480
31575
10173
85217
82659
81389
91962
38424
63718
93657
11654
48225
2126
99281
99764
67661
42387
31132
57872
61899
33265
42442
44358
29544
62112
65011
7431
55375
60101
21436
95409
19012
93667
93055
14794
81815
83475
65249
24245
14946
43276
95981
90115
35835
23579
89332
59934
40892
98790
73049
35249
49529
33849
90652
65243
3895
15997
92662
52807
43288
97766
30231
88167
28546
15215
51914
45352
61619
17821
51560
32997
44359
33921
61823
59527
40324
84809
98911
55669
7245
18847
58958
77329
38466
21767
8846
19421
22336
10725
4505
18825
75317
25828
99535
83528
75509
88267
56813
64620
39834
98385
11898
4148
48764
17256
44381
36815
88831
9233
9876
35700
31593
31676
40945
69062
6106
23462
98977
78375
42052
24216
69027
17000
70551
75953
54772
22330
67575
60817
65430
34999
24778
30768
48806
2663
19996
72571
92014
1454
72094
51412
33411
24619
13030
80218
77310
77979
57721
38878
61921
69317
37174
2788
46951
77537
66736
30956
46549
15710
65906
16600
28805
33331
50299
56237
5697
62458
25519
84982
33654
87742
64053
95859
7391
53066
50374
67375
60127
12529
2794
37827
61775
6305
98906
29379
43689
32940
71689
72855
3197
54349
56677
64078
87232
8541
28058
41674
25884
10816
13619
74667
98863
77400
45539
49174
82147
60970
12926
40038
20892
67158
47962
90081
2892
85533
54887
87030
59179
84894
50861
81323
77903
88546
21080
23638
90138
19783
8969
76337
33920
65083
77503
67652
70761
47868
86043
57346
89157
92127
37756
52150
42932
56724
36670
5580
51697
97485
20175
76820
20435
99281
77892
66577
12020
34746
5946
20155
38523
15606
21219
58288
74558
14681
33160
40351
88703
91148
90738
85028
76281
73634
14748
37874
7600
13683
10958
95994
58022
4496
40441
32273
68453
31203
6494
7747
42388
14025
59134
72850
39037
34463
49985
36508
32173
4352
66626
95678
66382
38254
11295
70474
31719
12681
13624
92612
24817
45848
63972
29278
14509
36916
87369
8318
98940
30412
99192
52789
89432
90319
65718
16335
25862
98655
17367
86441
75397
42496
38604
95434
62070
8422
12473
7872
84766
24997
2093
70835
46687
92335
11419
74545
43239
14386
83516
40289
79903
52362
70445
38779
78189
88275
90731
93581
19755
80861
59384
43491
51761
61881
47224
27923
62481
5122
92691
63705
60172
10606
62376
59508
59642
94774
69450
56227
10380
22021
58879
84890
60055
30364
53510
35626
54949
78191
80959
92171
34333
95373
9617
69899
42229
56840
14194
65517
69839
35538
26092
73520
90573
79929
71805
84664
54635
71160
32315
21751
85986
76233
43002
74011
3757
65755
99523
38524
87367
21312
63080
11009
77633
12015
3670
21706
47483
28557
36524
19898
75097
15307
77170
2373
1064
26839
79396
49631
56448
12281
1464
42641
48204
12412
31787
67910
50324
82112
35836
26387
33104
41466
2429
74981
67121
21228
66027
31287
13693
37510
82347
40770
98720
26051
42025
54888
81060
14359
89808
60545
23030
72235
46921
56905
38204
40147
15286
83997
57795
2812
74325
63864
29116
5737
38532
24848
25624
61718
60930
55876
78045
51556
12421
84677
34929
54069
27503
20337
2320
77558
96061
95421
4389
72418
31327
34153
78221
63584
65945
55632
48763
58909
81102
50157
17314
27291
42875
15876
95464
13862
73841
97344
49997
54033
16869
22538
13705
78586
56430
18476
23986
67242
52024
35085
93407
67192
86130
97626
97306
5905
61878
57842
59480
91617
85229
91398
79334
99922
68269
67555
68411
85603
96078
77694
94345
68308
44665
49309
6012
17155
40812
71835
14865
27225
57784
23296
10569
73826
29655
44849
25038
35604
64181
92733
94595
30517
16694
79606
1616
47287
62559
42251
44801
83378
98397
78334
1377
81812
54766
1758
90415
84389
78084
7587
59444
22412
19536
39888
99708
71776
29723
32106
86529
8314
51278
29788
83196
38644
76390
20075
20115
62395
99384
8884
32572
40032
30023
91713
9016
23562
91961
68009
80883
16859
2308
76917
24996
16884
1551
60214
58020
20076
36743
96558
57700
67219
79268
95105
54520
52206
12267
4758
25396
67288
63525
37018
79491
12329
96207
69231
11330
2110
57570
94037
62244
90613
34050
73165
82724
85126
78039
57239
51471
8975
39587
33545
66254
30125
76100
90220
48285
46668
32609
37012
65451
6086
15710
10488
53284
48124
97957
78382
26659
21341
70561
56531
64136
29187
38983
36345
78414
85561
88777
15663
90348
28573
33752
39829
53384
12469
23279
79124
82331
25659
55326
51023
35621
54386
67134
45123
52772
49352
34032
85304
71708
34351
29268
45834
88300
59167
25135
38823
53881
79748
42901
28664
9012
85278
5371
79054
73665
70944
15895
53378
36600
55205
1819
65589
87571
95414
72437
84541
11444
3501
72289
6006
65949
65576
8532
72934
98689
1207
60415
49722
13440
2588
19392
6852
31929
33576
98530
40083
37892
13146
71636
64252
18113
53057
84106
13218
26970
9440
7071
35059
17237
9041
88184
53317
44781
86544
56681
51344
21418
99457
48329
89569
87989
27091
25005
23111
4832
73400
31734
28090
11500
80822
96126
85110
86832
19742
48759
81677
59137
53517
95020
74243
38538
81256
67561
70399
33182
34266
53878
62543
31041
93183
72385
57239
82310
70449
4580
10693
17686
12210
18263
74239
86905
43199
96657
33426
60682
43416
88356
92136
30224
3183
34976
56765
42621
84538
84529
24467
6101
30447
27607
11389
10530
24453
86622
66575
85722
70572
49552
68156
8358
13789
12458
24092
25881
77930
27224
50137
89539
15898
19864
51157
73079
70733
80218
60969
6376
68126
20788
40456
93245
29775
62232
72895
96527
73693
4067
83017
68863
61895
96656
70915
4455
17822
13222
54044
61243
14004
40482
66001
56746
33687
15599
81401
64380
69739
85783
52002
83661
70207
89873
34471
48159
96105
66686
12796
3828
78408
6963
13415
99819
48617
78799
77836
78742
62875
87376
70029
27231
44961
25348
63800
3033
41473
50781
76220
68081
37831
11077
51866
19869
52340
94614
34614
31047
78506
29212
58280
27580
81754
55050
28983
67104
45209
57909
65542
59927
63006
73344
50152
14803
96327
78647
45012
85984
77739
15634
29937
78620
41607
66755
62230
53195
92190
10289
75283
91014
42040
87115
58419
55497
39071
15986
62053
45435
37084
9025
9283
24277
64708
51472
5554
13756
62261
47165
88548
75369
94016
61409
79178
42512
17862
25735
75909
99283
65709
67075
85392
20877
78491
64778
8735
90947
63283
88876
38717
49584
61160
36273
58653
55967
56079
66422
78306
74608
86179
61787
46071
77721
50670
32178
23532
62359
52524
81273
87854
19696
98726
5135
26975
70798
36787
25911
8798
81953
79499
9658
84810
78696
20191
8330
5772
82606
7485
46776
91924
27967
95534
27273
54066
28150
76097
86789
82028
65944
9406
80612
77089
35084
90970
28994
99353
84423
72190
81797
67212
25371
44381
36509
64194
43106
84930
52270
53963
14700
34843
6515
51554
56984
43756
17752
24657
31552
54228
96978
35068
70280
16001
25783
66981
80383
6129
85014
95143
66339
33926
91276
16644
57877
16063
26151
41973
31508
50491
92097
48297
85893
66647
4149
10732
29435
85366
87579
30671
18332
53168
85036
35326
5329
15527
22459
68901
97878
13893
10349
92490
61037
43270
6400
37561
36993
56098
64925
21389
12298
50969
86586
36436
89845
62594
18990
51181
24146
13647
16752
64410
3696
86905
44436
87306
70244
38432
81743
85647
73416
21523
81015
1526
57478
47757
32649
26321
11690
89513
8579
75314
23230
99243
92485
95835
97268
13313
52928
27021
7151
76720
57077
39779
25336
10957
31846
19312
46768
51676
99403
78005
41631
21219
86941
68043
26185
11303
61950
50131
14833
76831
96092
40641
93747
4561
65065
79813
86923
16875
16351
15226
60094
98248
28105
89320
46021
26187
86676
33996
65467
23523
61214
21824
55416
35251
38394
92108
47206
74975
86329
86473
36867
92967
79289
17559
23518
28577
14059
42554
28390
46291
50958
40720
12358
27589
36451
53291
8865
67036
71304
72834
77677
40713
17687
42867
51295
97926
60004
94518
73693
95247
10553
75909
74430
8787
74426
86208
4428
66286
53756
50922
6454
48461
76483
77620
66537
91758
35302
7667
3194
49870
94291
45394
80439
69931
7235
86142
33442
74608
67717
34065
30450
97173
39881
64507
10951
33562
69523
65090
6844
45919
28155
21004
75558
33354
61012
81463
65739
16301
51285
70841
70053
59795
79058
91895
57814
35752
22566
60167
39669
64746
85669
98830
85852
3223
69172
59847
22693
55313
30559
44981
32320
72797
95526
21161
25728
73352
86303
96071
22586
91788
57503
43316
67616
97908
63871
17694
61165
31841
21067
19786
50582
63472
84432
44686
55833
30639
43129
14364
29973
83481
24707
21866
40038
65379
51008
31478
24830
85717
85856
79100
17009
52186
26775
99187
94930
36336
96924
64459
36632
62140
37620
48375
35060
88897
94408
76384
9933
48419
88726
56652
13793
13984
48660
9322
73051
26615
16671
17511
8591
69300
28928
12988
61846
49242
57623
18893
11681
59451
47311
80853
64458
49108
43633
5772
31341
93495
99112
76600
63910
81216
4006
21205
52217
59338
62101
50218
25039
74115
43525
78982
28387
13651
59615
44001
63808
65031
58190
20377
65933
30844
84813
61627
41860
59655
72733
64206
42511
25846
36635
6778
17299
42472
9095
9356
14663
8498
97702
73641
52714
9620
6150
63621
35196
36775
46749
38065
11610
53344
3647
49633
77201
81815
80407
80648
81397
19101
58972
62190
82718
27823
28583
5921
9810
29857
44317
81250
94195
31668
61578
98799
28989
46201
52138
87068
20501
18813
71501
70299
35899
59585
89969
19371
61745
32243
5545
5801
3308
40958
56477
55943
42460
51692
71052
97530
7646
82040
65751
58132
28083
13163
42202
97689
91328
34400
58658
72445
38103
12877
85636
48429
15009
48035
64277
7042
80593
92266
29691
29330
16190
67823
54418
98820
50676
38350
73850
44712
70928
42354
77334
59107
71197
74729
69830
74625
42586
91391
96033
12244
92096
4702
58631
86544
14749
84736
4481
25757
21626
45864
59539
73102
79830
31387
99122
56807
29284
83737
49076
8181
45317
86797
1119
23810
32679
95405
25100
79408
48055
63494
87965
15383
86033
25129
19585
32935
28329
26741
38308
67000
36807
94858
8713
33998
86262
80755
40934
27512
94627
27108
4402
13518
8921
75305
29288
25418
55727
65956
86414
36317
86616
12294
82314
47255
96265
33354
38217
49612
33955
20548
15590
29551
89028
18941
54269
47609
92758
60899
84385
16919
83669
80998
38984
22405
98632
51082
92896
95133
74073
42375
43677
98365
29850
62180
80575
14376
8034
7371
95875
12152
53704
11942
60612
97471
20330
65906
92337
68363
45312
86038
7587
71420
9010
90105
54591
58328
99633
37736
80907
22683
69697
14495
30587
6085
72970
90076
30058
76944
93661
88186
94688
30765
69979
20720
87713
66330
87791
24742
24509
92935
30248
76747
57733
72718
53751
9405
47594
6718
5417
67419
16639
85550
13999
66623
26344
72461
58219
34910
40338
84328
13774
41442
9747
59527
89587
69198
71214
68317
26891
45886
45234
75157
42757
5430
60007
11509
62999
32802
10331
18706
27834
25184
90179
41691
54741
51465
64513
8738
11457
68823
61100
67594
89422
6177
91331
22345
79321
77346
91426
64749
98042
40191
37992
43295
80042
38140
21933
17191
53964
50941
11117
10889
29953
46190
34289
97230
84459
70009
94889
90917
77538
9022
31219
31993
79665
79375
20238
76865
23839
96517
78147
62540
31496
95511
84958
87209
59462
24715
12236
3964
60694
63318
72305
62834
54663
42950
15150
24823
26247
54838
57677
71081
41092
24011
81170
25585
8547
66527
10403
17742
6392
22380
6736
94036
59225
52939
32969
62092
85279
62748
1155
18497
56620
44217
4273
22322
27283
99706
48069
52300
59094
9203
39455
10784
44913
90161
33823
10633
27233
64324
21034
39192
86347
26897
60960
71465
35671
55843
38524
57727
49091
46462
2147
18306
7531
21807
99331
58491
6196
95957
30755
93868
69091
65937
70751
30263
47787
85989
88319
55549
41328
6859
62227
98603
49609
91537
92279
52801
60216
4656
85534
70618
46045
11891
8234
68076
87696
58270
25654
50252
35381
47291
95659
44654
71550
62752
2735
52620
81366
98719
34262
23555
94678
46107
60363
72105
17661
61194
44583
57058
1925
72063
73293
97915
84071
9784
17695
77065
23576
51838
74328
34342
7323
39797
3041
46062
68911
71580
14260
16660
19383
98234
84446
78560
90365
83267
85851
62738
36239
25737
39009
38969
90556
59844
73647
90907
69734
22399
65350
73760
35160
34297
86330
73442
73661
55774
95835
84199
89411
31362
96281
57692
41105
26443
23578
9516
42451
48854
69841
46267
20329
92520
4387
80430
32635
34094
74873
86103
23654
46692
53904
86391
57719
43931
14006
1047
83136
66506
75635
14134
43263
14373
99018
47714
89662
45754
85821
78686
27169
52462
76397
73684
7650
28561
5221
28157
16738
93253
52315
56100
70035
64071
20642
15681
39194
6275
29302
54384
47599
13722
85513
63357
91224
42936
25980
32617
24895
84315
28458
24982
16165
92533
95214
25832
41045
84848
26370
66621
11318
23869
52167
54793
1743
43242
63131
20508
9744
44747
87076
2242
53149
48863
58498
57751
77214
71808
25582
29856
20450
58665
90788
79682
99986
97529
15186
10456
66128
45111
11717
37180
83865
72050
90803
2615
52092
74536
58402
56006
16426
77055
63132
52468
97696
22894
66497
36355
9797
70794
48721
83671
9302
66177
26153
75007
60166
56978
20392
44243
55044
51873
30559
2362
38783
11942
5947
6166
5252
14154
76838
98935
60483
11425
13904
31965
51020
88228
25203
80702
99642
44721
80595
98959
69857
72932
1984
40699
68975
76174
29379
82805
58939
5132
55269
3256
78457
82035
70121
74985
94294
52277
50124
18089
45050
47251
67828
90280
11692
12112
22301
11309
75136
19214
8318
76129
64377
70870
84583
12754
7271
34613
11787
28998
82015
75503
49766
5836
36347
74089
25484
84701
72099
60221
91500
85641
41434
75520
60877
9802
60293
64916
13239
29328
92462
44285
52607
44984
36840
61925
52978
60311
28610
28712
25462
95245
87711
4594
19083
61846
86466
90899
19027
58597
73464
54302
67356
85887
66853
20725
99475
36205
55835
26339
46492
69326
19958
88145
34900
34765
44206
57724
3762
75963
73464
49847
97174
86999
45456
34688
81981
92815
30441
54590
68556
41815
11515
38423
31735
67029
90594
69929
5187
44208
29497
51540
51122
35339
9671
14672
46642
4112
67766
37506
92255
1191
57798
81435
35070
42614
47290
52104
95454
51867
22563
5728
74872
23477
36976
60515
5315
48916
32935
93611
92740
74014
67953
38288
60828
49497
79240
62992
80382
75382
50514
35219
73894
97593
43163
69855
69494
89333
34142
75717
63872
74804
39943
81359
83638
6896
30115
39553
73189
92209
43291
45885
55694
39726
28239
88132
7882
37259
33252
59830
29256
84828
23298
2170
51062
1931
8296
26199
20431
23385
68896
10852
66282
8442
58046
49938
43593
27885
79192
59218
56843
50756
99932
88973
79622
1811
10959
40699
44045
91763
40407
61360
6855
48243
36612
45614
66034
48361
79580
83503
16930
36470
98039
78426
33915
25567
1825
84775
68373
60281
79134
13020
80729
33446
30055
62394
54465
47276
81744
70331
16204
63828
77364
52375
22233
6759
35686
31418
62043
85348
48985
71694
49740
93988
87858
78159
73239
29607
95845
48107
30953
38641
76194
71924
6023
87688
14018
50403
84077
19988
73535
33694
41740
16732
30916
82453
59624
20817
93031
3720
87497
32246
21116
86291
34267
57134
21570
68754
30984
52098
6240
62197
84559
16713
31525
48786
97424
17271
42788
3509
83137
4086
21777
31717
54432
39482
9696
91018
74523
21369
67311
98083
4331
57452
71479
55405
37229
79936
19020
68592
34812
44956
92344
15948
68512
67249
35783
33326
80525
83751
84502
43472
22782
78555
19084
31080
40560
57438
5961
29081
97308
95185
26372
61489
74161
46056
83779
92555
54290
90130
78510
85496
49230
99036
3515
64303
20050
26615
66943
99831
39614
66822
38568
64813
70824
98323
60518
37141
82234
77618
19485
40487
29784
31671
83419
26619
85440
12167
54289
75605
16229
58858
17220
20130
70343
44467
85350
90607
67068
90616
42096
38600
70984
85663
18661
8504
18145
99850
19276
39211
70767
55720
71066
63366
80075
44219
50749
42887
88350
67485
36598
6788
63312
45235
34475
23636
17848
82448
13390
20390
8860
18985
49332
69213
69079
63238
2037
47028
78629
76542
49512
47955
77918
21023
8805
82074
93748
24589
15562
54503
20634
27355
70230
91045
45111
30749
61107
54452
74183
74255
36512
83619
90621
12508
97858
85190
6727
37834
28252
66898
78268
78344
81449
76319
52586
42397
28709
24755
38378
78124
56414
54027
36681
53451
28291
82576
22400
40289
74381
96858
65262
98331
12426
26953
90860
17027
48622
5054
71209
47405
55123
31281
37452
74986
37828
41416
50864
76830
69729
22066
70660
17033
12086
1330
47546
86265
44116
33555
95694
72722
74068
69548
34681
66503
93416
40976
99551
33700
72591
61733
81597
2809
78374
58451
75334
43302
85575
4686
21470
9508
73440
88900
69979
39563
42955
18448
68143
48179
12094
37006
78803
20798
22829
33824
17092
99910
54375
36795
26451
64656
43535
40838
20989
81388
93266
78438
8692
37781
69294
19792
52286
49295
70868
72591
95079
88430
24611
61404
48020
86982
12284
66752
54508
67260
37541
82570
24967
55205
84670
67174
16878
97050
22456
87559
89867
8265
59172
40628
23583
95595
42342
99652
52499
16903
28553
70392
51681
76373
66791
41284
3557
13887
66729
84892
24672
63093
54216
97237
64130
35151
1279
83320
57985
4151
36258
55272
3241
33101
71113
99369
42234
23332
13306
90439
71349
13882
50389
19248
55096
85873
86487
14252
26895
15773
63377
75720
43151
56321
98637
91273
28206
84689
55677
10643
99223
29458
10010
68703
30021
76931
14518
41445
36811
62479
49604
61868
26626
67586
83470
56034
11654
68048
87875
53979
36461
90450
76472
41299
6760
42276
79745
59502
2997
88184
47874
47629
20999
26962
57448
4987
86094
36443
87906
48609
91290
67874
73545
48691
91406
10828
56071
18198
98796
62553
38917
86100
8750
82785
15188
84549
27918
47398
16869
56185
52963
7159
7312
62086
82108
14477
88213
17599
96090
32421
84657
27199
94370
62643
74548
84928
90234
70509
64404
1969
39471
46320
43174
16713
28128
12746
72008
32390
92349
2336
40551
42780
77530
84316
89651
25913
46734
24013
89710
9792
65740
41766
12603
78185
19320
17627
83274
20514
63162
12938
31135
50522
74399
85826
3875
76381
34097
73936
38851
34447
97747
39081
84627
63003
88427
53401
42364
38013
3906
55944
41789
86051
99836
20772
48136
66199
58108
17945
25370
22535
52410
89995
63234
31719
48466
87786
58774
13645
81180
33559
33909
6185
33007
35436
45084
8679
25485
58741
58305
98238
40966
87035
21839
15283
78839
63261
41423
85000
37774
3861
14200
92505
9512
7021
11648
43881
76237
21716
19412
94728
25458
1596
18715
46055
86111
10991
91255
53355
36115
65153
17203
84293
81883
19947
32631
64068
64029
91622
62781
97914
1184
7365
81359
69830
56785
45059
35547
53252
53989
73706
21608
37246
74871
20216
61850
42447
15413
94601
39635
23061
40132
1884
53288
4428
42689
75880
49426
27310
74996
72314
61316
83074
45524
77398
22500
44119
47028
73075
54689
25320
94912
34493
97265
38127
68173
91832
92165
98850
57585
98655
65760
27081
51814
22464
46078
32101
97773
24617
78071
66209
14294
54785
9820
36155
18049
58267
61870
27342
45988
6636
35275
56953
73500
4686
72697
30352
43032
80901
23549
86413
93305
52376
70218
81451
95966
9113
17900
22890
16753
37096
46600
66736
45586
28731
20288
97898
13657
17092
73655
33942
41262
30483
11581
20444
71657
53167
38305
88160
55190
27446
11421
59188
71483
84710
88781
80938
27602
63385
2340
18149
16074
66838
89670
84579
49000
10226
6765
55513
22514
82605
32161
35912
25569
41540
12038
93081
62302
28042
26101
96953
96254
94999
95674
86434
33497
18057
77861
73910
83204
1062
78669
72857
47691
43452
51530
95905
85056
17974
66177
60323
59255
13872
70804
3894
9502
52426
85143
98779
53340
80047
14794
97539
12724
24125
16643
52197
33187
40518
59357
14561
49318
23756
79432
69600
70893
76238
70406
54269
77834
21051
6414
95934
44087
11663
67931
22459
45101
44050
53872
80378
2119
17066
10665
89626
83918
31592
36669
31584
67575
44028
30677
97409
52962
26582
88302
27417
13913
46899
78465
3958
14876
32818
96369
39406
35718
79172
25469
61420
2488
99905
56502
95365
61561
42584
6465
44024
30596
80222
82377
12478
62119
36237
82532
5091
51761
11382
96158
59077
66016
82983
28193
47729
24850
60382
56566
26350
95255
10114
95692
76093
55537
88744
56372
39348
45527
63346
4603
89281
61678
49470
66169
57702
54532
23301
82924
54315
10406
5341
33931
3484
7983
70289
21244
37261
10060
14136
18596
86998
97208
12439
1616
5914
96687
34911
47963
75329
2895
81838
94670
78612
16799
35793
95728
30504
27531
2434
90216
90563
61132
58844
92771
2960
56510
89913
30461
29515
46358
52044
83348
78785
71823
77902
40466
15739
95890
21251
55426
59491
48720
96581
65314
60360
51255
91792
43963
92710
23737
35447
29648
86666
69023
33818
11249
61457
60565
37241
63675
9911
53302
31405
41675
12690
15976
81649
36842
76215
33152
82229
74148
97120
54171
32730
93253
9789
61849
33372
65862
95871
58827
66018
85639
53111
40137
35597
42634
76817
54069
97868
48875
46282
8341
79725
78955
65559
5031
40698
8812
85548
48509
57491
25616
1462
81696
73529
43978
59780
11657
92639
29329
48106
15353
75904
68505
36537
48632
98179
17375
68419
93433
39536
67631
67257
10149
49963
53313
22279
36158
35275
94097
41211
83756
13501
29886
2023
58654
75290
17488
37083
21515
57843
59903
15844
19671
30344
69187
9854
76203
90460
75214
50992
59973
21901
31851
98876
29403
98605
52226
64219
62626
85072
2779
49333
6169
62814
25172
66753
33969
82593
64888
9118
59555
26893
5702
80765
56611
65069
91886
60767
3758
64947
29362
61694
57590
87002
22767
96980
27641
25582
69836
28298
78278
22071
94079
90577
83498
46927
87470
99264
60630
83092
98239
43361
11103
73516
88330
46540
82640
82113
62600
82631
9408
96912
91797
59837
8283
92905
37506
88203
28598
7790
93716
34599
4861
61163
14418
86852
83316
77083
54562
68068
11774
51856
78213
45269
83944
9612
1334
45982
48964
97808
62831
33767
10797
87434
69540
58481
86397
28871
92811
18225
5723
93529
57907
66638
89993
97513
6681
40315
80200
6872
63587
60724
88089
76406
20543
55708
84623
49639
97039
76434
37752
84522
58463
20996
42736
38677
70012
25952
88647
51719
32463
70916
23658
77461
21464
46542
64578
9866
70998
72403
24619
82607
21353
96689
8033
26334
17233
10270
77442
41894
69077
62040
7618
48045
28931
42092
42471
97756
40446
71074
28060
92999
96467
10893
49043
65491
52114
23959
55471
53273
9358
81900
87698
66296
91009
11811
84317
58118
68233
87704
95814
1385
36092
62436
34147
9060
17986
48751
16126
51244
12376
88746
11630
61532
62981
90961
93295
58986
98281
29363
49093
42012
59883
33508
27362
44989
95361
7552
77985
49310
96675
68539
22502
46654
98907
25655
58686
63336
67732
62390
15457
33223
5781
44627
55172
45616
26756
75466
84745
57440
78932
82344
33456
78959
43621
57979
15197
58353
67480
85858
45666
7256
97920
30636
43421
66935
10177
99883
96303
70533
51036
91651
82519
18507
3525
82655
93947
96494
36129
37884
52561
48601
2049
31021
5904
96912
66624
30669
21416
51859
10320
54306
78235
98317
2136
58848
93909
97313
85434
4526
48832
90094
29625
46153
36020
25482
75657
67076
51775
94904
80556
2652
19302
34453
40092
27145
75218
58937
60465
73159
78784
32934
17990
49764
20228
54906
5306
6447
95628
85320
94609
78129
27425
74524
46379
55995
29640
34715
56113
11761
41285
15973
68450
35569
53192
26777
76334
90629
25620
39461
14900
47711
33691
64736
90729
14511
6847
75516
4664
14807
93680
46326
99989
13023
31216
56222
82635
96253
91164
99434
28081
80139
12806
30641
78071
61416
98994
81139
68153
55913
27174
73229
19016
61359
36778
21952
66330
62906
71115
69438
61931
60109
60211
83713
97187
57388
6389
78288
93103
36278
1385
80711
22172
89047
66495
29094
17859
55267
55790
10882
90556
64805
73752
21631
93644
78214
22369
2848
56325
22016
35860
64739
80726
63708
60792
74995
95593
94861
77212
87966
39694
13538
80085
25871
71868
4920
80251
22151
67265
96909
45005
68933
96491
95925
35424
45506
35581
28905
39844
3542
37562
57711
3851
15174
80135
98603
42403
52422
1876
39929
84179
23792
92289
50861
72207
25947
79882
60768
74022
34930
64389
3410
84261
81116
2546
35431
36118
7101
21848
68963
71634
96792
57488
81027
10464
40646
22796
95119
23731
51320
60804
58133
90097
70982
2240
86713
11704
18567
92504
60512
27962
59522
4182
48617
58852
47790
6360
16409
7183
26215
3954
31710
71728
3699
60393
71523
5228
84400
9921
43920
57242
2191
5297
74957
69788
8031
98231
45618
31387
11705
78826
77862
68966
98913
26003
54088
72663
12169
97084
80542
85193
90908
90527
58173
52612
98800
29741
15898
60635
57558
51673
18915
23488
63044
96698
47310
95097
32746
13142
26495
71975
86821
27073
56804
33557
92701
77626
74513
53884
63737
88879
52102
33765
44657
29497
85456
23757
4666
36140
61207
95208
67954
59501
74574
51853
85016
12155
17422
51662
31739
51778
84318
31056
8201
91244
52032
16413
40894
9936
25737
96719
70044
13926
53290
12521
99655
57576
11738
69663
41128
48189
11887
48201
24242
64742
98998
62970
69430
91816
31383
64949
19146
29484
42875
42840
96058
48473
15028
43347
34874
17319
61674
77702
97059
23092
14002
23634
60115
61381
94234
24293
49424
88823
92556
49510
97632
59004
91934
56014
77090
59606
2532
91992
67994
13167
93989
40154
86077
16689
42076
48222
89310
18867
65300
53357
23224
80415
6014
70035
44028
29699
8845
88949
99396
98858
45631
60787
17616
51202
41641
60935
65263
41897
37534
52827
16854
18265
33716
82463
67635
33682
24591
87958
21495
73280
91481
64350
1276
94065
65228
15124
58899
2597
66885
57175
48039
63305
57068
70895
12047
81175
4253
24124
85387
97730
70698
88370
40761
80186
64582
3565
87149
57692
43542
4894
7047
86750
50629
63983
15085
83086
57378
48029
96327
57623
30162
9780
63112
46666
77668
48064
85970
25742
6343
39074
36981
85612
16093
83504
23387
43469
31141
64589
15783
25516
84073
23044
45809
40303
48961
27028
24895
89961
81511
39883
73467
64444
38981
66164
21770
47921
3601
94750
6556
43859
37151
36762
16305
18376
93358
6943
1110
55177
36813
21165
84202
90666
26851
38677
27454
57998
94990
77361
28316
29765
38079
12722
64109
24127
18749
5306
15089
62385
83662
76203
24658
87193
72949
49398
82070
49364
70729
23459
91886
50849
96658
99959
56800
1952
48716
23629
76005
21587
98778
32270
48273
62561
19395
22005
70452
35666
89175
93082
26004
90533
68796
46328
4097
38178
36010
78119
18463
99296
44334
40317
34084
62645
11934
36070
86969
73805
99302
41738
59054
70798
14005
30889
14405
38250
37261
49683
66642
79721
93757
48820
80523
96873
65258
46061
91134
42358
20892
92599
63736
87002
13806
39863
86074
52966
22216
17321
90791
62831
70671
24512
15921
33584
75835
82448
46283
49840
32316
88719
8484
15016
34514
92403
39669
49911
72389
36351
50518
24318
70494
1978
47199
24675
47268
49474
70562
8791
90433
64042
73065
46095
58100
31345
26215
71286
47695
33804
61265
39384
32519
8506
2409
92049
78241
3011
57708
75389
6061
50012
48204
30170
1229
48283
3020
31205
88144
10528
74628
17161
86719
7798
3447
51431
14066
37684
81407
11473
38026
94635
68234
67022
19580
37251
35159
64137
11829
29346
54307
50742
3629
35352
2874
96467
28016
32448
12858
30961
18830
44507
90939
37585
18080
65599
69280
6941
17218
60621
67869
11883
20089
59728
35346
89235
56647
93103
86601
17911
18431
87422
12985
76880
67956
25074
97052
71067
43896
4365
75689
54963
31672
6356
63406
25603
40354
28713
81364
58720
67990
65513
97350
41168
43605
21839
7544
58209
15088
13300
57934
57810
18612
68699
98499
14712
23742
50876
97930
15990
18865
37352
65939
29351
56618
84928
36054
98897
75254
68725
31864
78958
31121
82492
57936
48916
98924
31996
80274
69811
32984
61130
24381
65479
1018
27161
73999
98619
37357
70857
4229
16220
35303
16085
15291
98044
11008
11934
98524
22988
1831
62619
85514
64111
62924
64817
5096
92895
93743
50619
25672
67589
32491
82205
13079
26912
70416
86308
62817
89919
11437
74595
73418
18993
51289
3205
72611
46724
47490
30664
43892
12209
94974
7282
50388
84369
24411
80307
72313
93327
37578
35893
47687
60710
48936
47357
13918
14613
71924
46431
74305
17245
2477
12639
34434
91321
54379
12201
32879
34448
54195
11791
21644
74949
92174
39844
24439
62107
86353
84289
48212
15861
77103
89670
90032
39924
74733
63270
6021
90086
95679
63608
34642
26626
46625
7657
88181
89962
51797
98534
30301
7609
53653
64899
22044
64813
83829
25834
16366
3607
30288
44976
83352
10525
8716
91841
29172
37160
71027
20499
99574
28792
54254
65394
91009
57062
6572
38070
6310
11459
5411
38834
85232
71388
61921
17496
74131
36420
14074
35234
73521
80816
89061
45835
87959
83149
36858
31496
18804
37793
11760
39918
26361
39145
67837
6287
84771
92976
1007
61545
40393
86930
28588
27064
4696
82340
91422
86192
54655
61640
55023
37750
35128
55520
21967
8927
26407
9797
10742
47399
84033
15646
84697
96957
53272
76037
18939
85010
81332
77382
95081
64401
28053
24651
2104
20315
10369
3154
2673
71133
90675
59023
98619
37380
77143
6174
3270
38816
53400
5980
39453
5423
97994
73713
88662
42486
73553
55628
35299
8649
35215
38066
32727
95461
73796
81348
51694
26791
18811
53691
67531
66460
72699
17520
76637
99185
97510
50504
2522
71241
22065
78176
99324
51766
86256
50733
61281
71695
33222
44215
32535
19730
49967
93933
68856
59553
33052
73310
15405
82230
22489
19553
94975
46529
85720
44317
68789
40354
44374
54960
67809
84740
15121
42684
60026
36035
19720
3126
74127
23800
26851
57868
74372
91570
71171
3948
56607
24221
68975
75891
77587
75560
47456
1553
95670
41649
9044
86032
43710
67927
93433
34700
71706
47061
21989
2199
62195
93011
56655
80032
38688
9347
85607
53777
92421
53497
62022
2271
17978
56648
22150
90801
96229
90550
86536
22477
73845
62926
30086
75478
48834
82420
43194
49194
67509
67907
76666
58266
84412
6809
92114
89166
61122
29346
6251
69925
81092
76623
3003
18785
50459
8128
53241
98496
20579
59471
9746
64910
45676
52849
25407
5059
86494
85897
20433
26662
16876
62229
36228
54158
78285
65119
29079
10440
10242
88720
8883
86909
19997
87306
95921
13143
46289
76075
87590
87885
82588
89837
13631
35594
90010
44613
48965
62690
38454
37011
70484
27527
20853
19831
78332
21318
28106
69737
51736
23458
93532
83407
61745
97473
23788
23089
97645
76217
51295
14538
15813
3878
35097
94119
80299
24213
67461
68200
12754
19032
45372
2882
69095
90388
67168
47119
19524
89382
22958
49282
65997
8107
14757
67749
79369
65163
93977
46992
56336
79105
65818
15254
5474
67014
29674
93478
53575
41018
43675
97555
61171
25470
91189
60730
8187
2570
54509
50853
5067
44827
8557
39901
3210
22131
32169
45387
22440
68484
57904
84878
47347
46491
54979
22011
29063
1037
89338
3592
69364
71895
1364
98985
42158
37231
5739
11298
97927
53974
48582
27852
9052
48283
28493
90841
20557
99182
63065
54651
38914
93899
69299
20276
56607
2086
64694
53198
87667
83831
95563
57283
33327
83719
74384
6526
85555
14263
21315
81784
67906
87403
98598
90767
22994
87638
56806
81375
50927
25583
60002
79516
84499
97147
14239
81528
91564
65643
87093
68900
80254
23620
78935
91490
86081
49918
52813
93918
64919
31776
92776
80708
69049
71863
52482
15032
92228
2039
92350
79398
46311
27072
76402
81074
71647
48850
11820
68223
37250
70873
22411
3450
60610
28693
60817
82016
91703
62853
8657
37368
15405
35824
27794
83470
64551
1585
87339
72708
99040
48884
26458
4982
34719
83704
90911
23043
60777
59636
66240
27878
70059
80368
62675
11134
20504
69450
71720
65006
15676
61810
2778
43423
78852
74256
97288
58826
85439
3983
29384
11787
25000
30987
61240
71407
36346
3508
47249
35528
47747
65317
99740
17469
69236
68636
60211
35485
13799
31143
13374
24642
23441
76960
38842
33085
55338
53718
94665
74234
23575
36273
75739
67981
44112
56168
77164
47865
61760
16967
44667
60733
3529
6758
84139
69959
40221
11153
72942
88799
90432
76671
44049
23555
6684
57409
20668
18395
91269
84268
80393
10948
74710
9503
2763
71404
41404
11132
53904
49499
25239
89077
42179
8038
88896
6021
79245
99095
5139
99520
80057
78736
84212
35733
88627
73121
27659
79281
91026
17084
4159
86215
51455
54511
64701
31300
17185
28982
99173
90576
69237
55540
47234
67690
42492
8929
26421
55331
80694
40461
39941
7238
18269
93307
67296
67883
91138
72847
61758
16638
26907
49849
80479
10272
76969
32363
90707
75813
17024
68535
42198
48085
23412
37249
23784
81591
51693
56990
74507
73977
55293
96072
8386
26287
68967
92897
62140
64179
1993
54619
93478
39637
94944
83749
17617
95458
3987
32779
52975
51969
29959
59844
4063
91081
83189
38289
77615
20160
61529
4188
17115
63858
79794
52676
57277
8873
80441
49612
93980
52504
84314
52079
86190
31880
86938
12977
84942
27074
36263
46407
47421
20199
75664
23926
17626
11211
75799
61970
26762
60008
53952
60150
63482
8207
29852
96965
77566
53626
28286
53310
14688
36463
27535
63382
78261
28028
54175
89514
71863
67950
1791
84264
91043
1935
63284
44020
14491
21880
54434
54021
51564
39359
19570
51017
50335
43012
15486
46601
15052
61638
24084
25709
80054
29276
39131
16476
96912
96323
53361
19559
49007
44654
82340
47144
77709
99310
44732
93570
95404
54860
39108
88631
82865
5409
56360
59127
80283
83339
46066
19769
76867
6418
46867
25075
43176
83772
79967
87688
78426
87436
51080
78594
47072
86151
62569
96156
52744
97600
5591
12739
74920
76641
33085
72760
94500
75983
49441
67491
77872
87374
30319
86842
12458
8477
19492
72146
9410
3179
59019
73315
74724
16420
76900
44814
12738
59069
73210
25772
48780
86325
19136
28090
5282
13726
21184
41423
15526
95705
52176
46776
95599
2291
67540
48703
28513
55431
67534
39878
10535
19211
84780
74461
95244
14467
25103
20251
20790
10629
59152
66042
49473
53717
42128
8071
40416
17886
73816
47257
80680
56933
24678
63011
89765
79792
13091
33257
2390
10511
84291
59216
1304
87716
97051
98642
80411
6708
33543
59773
67139
45159
29422
68758
32169
1608
43916
83946
1405
27360
87199
56015
53567
33943
53359
51281
60488
86430
10078
59905
71749
84070
50665
65999
99625
67403
74505
36576
67768
6073
5712
72459
55103
16474
11518
44361
39560
63516
75010
25102
64925
98879
54137
80212
32041
79214
46459
47965
8840
5233
50431
89257
9839
49062
45476
57064
97642
38906
18035
70783
45281
64898
76074
57832
5683
54822
48972
46162
29456
52195
81914
50318
37341
29110
90941
1322
45247
23706
44313
8944
52385
50964
43844
32662
8473
44873
48692
38345
63757
76600
83462
37127
93139
42080
28737
59379
63316
39693
81491
7915
67077
51193
11895
92689
87791
4058
66723
12874
15420
23216
6280
33268
79445
64963
23163
21726
72719
23577
20419
9630
37435
4424
14205
66100
24715
37155
81842
96095
70610
96902
13754
54599
38717
77727
61122
47708
21691
59382
43161
2350
90787
97191
79095
94457
9261
30577
89715
70368
52549
40187
69945
95887
15103
73329
88576
2317
45694
40603
69009
30849
8974
38549
15213
52862
22584
77860
11496
86727
93703
6606
5944
68245
42607
51643
32872
46164
8709
32725
70391
44838
76526
10213
61087
40576
96210
33983
52947
24531
6749
49504
47002
54106
71128
35608
34049
93016
93783
7756
80812
82621
77945
45011
20436
1965
22417
75771
95613
81747
73371
8956
8477
27378
11501
82848
32243
52860
20232
10481
82527
12234
52100
60961
9018
37786
43671
56123
47644
45183
33520
21874
70236
32804
95422
29480
12166
90042
96721
59557
46071
29755
55001
20463
79644
48268
24209
17962
86478
26367
84520
90488
62135
82174
39260
47458
48420
63896
21282
76297
74568
70627
39362
54727
56264
11326
24818
98130
98167
98741
23720
22261
58497
78833
44750
86372
97243
64224
23528
92971
38831
75473
16700
66220
22856
20880
47106
94831
54623
46620
83593
20596
48765
86942
83516
27540
44538
59003
37670
50762
94988
20485
90285
3896
46639
83934
43862
22772
38062
54706
92883
85479
50879
95372
50269
19419
22833
2343
40694
7257
76443
93928
74154
14809
31352
57561
46419
78301
60168
90860
31332
67640
12478
11651
82341
61483
41079
67876
48534
61009
85685
45214
16435
47945
35678
89889
10376
92441
47239
96165
63011
4816
23019
70921
14304
32580
40992
28861
15257
40153
71580
72915
50209
64169
91626
32340
94638
99125
58972
51297
53897
47657
95403
64746
47140
97503
29024
90339
75750
6435
28773
26033
76873
17585
39588
8690
96411
38544
17653
17683
41275
72146
16381
44502
28660
32342
58310
39492
29035
71350
68467
52136
63413
9582
41044
91995
96117
29441
37810
40105
68528
84869
34837
15122
91864
25627
36918
64003
12482
37339
23629
38907
89982
7072
87527
52620
15804
59755
41150
5732
75232
26710
26703
79068
63034
9241
8605
74076
20759
76849
68919
47304
19178
85697
98444
3337
39896
10023
3971
98521
6419
81419
10848
69687
1781
34431
6620
75667
62561
16713
91079
16332
8487
28564
20099
6326
55259
84729
15898
1489
39753
38714
85878
89191
62660
35462
78380
23013
78600
71782
62492
68738
44055
34692
48837
47798
12142
41811
50788
57982
46170
78084
58908
11047
52619
2255
25973
68216
93103
23609
15657
81933
40768
30888
65847
69100
99859
10681
20108
13713
54359
72820
33848
41572
24909
73855
26826
36348
59811
7971
64374
12916
94130
65365
58929
63041
71100
80360
59586
2028
25701
60598
39570
13624
26632
43697
19664
35738
80691
40237
75522
81509
29317
94487
37265
27425
71039
25014
98446
49521
66622
66413
31299
2402
64656
18550
56109
85215
89253
88577
41512
89143
66488
2764
39662
90192
78402
50176
57994
87623
14160
7163
53901
49164
16044
73767
34462
75223
65169
53180
92786
86088
47930
28953
12139
41601
81875
47739
88422
83267
79557
62899
30879
89029
12711
70014
5556
80748
39462
46548
75665
72792
11692
95274
70861
40890
26449
36353
62841
50119
29446
17267
99011
43586
59384
22915
61107
10337
53973
15245
73151
6484
75449
54287
95264
61841
24351
77043
74624
55107
61394
29640
51825
25576
38734
96787
85841
65020
91208
6695
55023
88557
71418
5777
89519
39887
56081
83679
45347
88025
42300
48638
72732
93131
33555
68217
48700
25541
66052
91384
94095
39859
42766
7144
99685
29748
73167
68268
69182
71983
87722
34026
67690
58532
89862
31008
70409
16552
5711
53651
74121
27290
49904
54778
51130
99348
43547
3093
85689
52589
14742
73502
42410
65178
42010
7228
90923
65416
59733
83430
43614
7382
78947
51792
58470
73976
69086
25699
85647
9403
79762
48392
61137
5381
97035
59894
70489
99467
9877
13685
77996
64289
87497
3055
69265
69988
50360
32307
26666
50126
37570
11435
74901
54361
30512
1401
94947
89469
71523
67037
14315
70678
44624
90679
80905
71557
9177
49716
82235
32345
14922
4191
7512
5230
14489
11956
3181
61830
6097
38964
38921
28406
52904
69981
8674
17171
67589
26929
82792
13922
29576
16060
1111
97975
31140
97593
50562
72148
90744
11789
40690
58053
60572
66648
20087
31730
46946
11588
37330
79648
92707
34488
24809
32725
21831
14378
59538
59971
4844
22776
81785
11489
17883
85016
77797
14659
54984
69474
75314
17977
71016
83086
4666
74399
33827
62058
5373
68657
41521
91875
48992
48846
99243
64909
35589
87706
80149
7547
58759
31286
67244
78182
2614
3457
96961
59480
82148
73025
78017
51385
85035
59935
91592
13675
42186
88248
13138
88384
22048
54197
60857
47101
22741
39771
44340
55708
57131
12553
7879
31663
81586
95005
97598
7703
65933
29915
93039
85647
18863
52876
47167
2615
39111
14930
11611
22010
5663
65205
7271
15755
25819
97585
36464
74868
43499
45175
68714
19834
96792
14329
89389
81258
7456
90025
99544
20266
31127
58667
50156
22066
65926
9008
63664
42657
2243
6136
55230
22286
67129
81089
11467
59703
3840
66571
90344
38731
88309
44960
79578
7112
65736
87707
30703
97066
21000
7763
76920
54154
67481
38499
4870
63808
31379
38761
45435
7806
1585
16446
27257
19450
7316
80059
57152
59509
99184
22512
32689
17743
2644
25630
21823
74120
17122
3570
61498
69426
4745
7223
52410
47489
70212
37537
33764
29731
2562
16157
94393
23021
76638
13656
78232
67669
63005
24446
71330
4825
12548
48532
1405
52987
13351
98038
39559
2262
10560
9209
11420
27689
46900
37716
82813
60535
64718
98301
45457
70874
89578
3924
39452
85702
87935
14494
54977
86493
54816
63248
42109
14016
27493
9483
38143
12885
64915
98584
93793
70546
99645
2973
46624
49526
7428
49834
11163
95252
52011
22110
94427
2471
47446
54914
41127
41134
77991
19708
48037
38665
40206
87822
23149
67781
57856
62743
61757
56946
28204
50919
36241
34894
4713
87370
70033
61201
9176
42456
27143
36748
73062
77437
97397
41204
84022
87002
8955
63475
60599
25352
98358
93380
28096
66826
72727
89563
50860
66999
76319
75832
82495
66690
81275
56771
60522
81832
53739
27279
70175
42056
38020
60171
88819
1757
43911
71572
98321
4089
91254
3982
85370
5385
9745
90233
38672
32443
9624
44781
63158
89482
16512
84082
62879
12013
33321
69957
27630
97993
22475
58768
75968
48451
88823
74952
9947
36519
54300
57838
92591
10313
71242
61807
35117
78597
86714
12923
63473
40146
46749
44211
29237
17248
15601
11596
49711
81614
11546
3549
38846
78021
57495
15092
98623
30809
79611
4889
97071
88351
19107
46943
38395
88628
69114
98448
94307
6303
60684
94846
54455
61021
19733
39503
79032
94101
47623
79389
25941
32408
57827
65650
45143
80180
90027
12088
2211
19284
60591
97637
22736
81443
91726
17085
56450
9644
67433
92310
49947
83525
4970
19751
54892
90084
23071
12689
98704
11733
11494
31002
86358
11875
66553
42515
3397
17530
15250
74534
11851
17021
72580
89127
89385
39045
54329
13159
93431
15294
87242
77056
62618
77690
75644
21949
1645
16132
37268
63673
11729
26677
34205
55481
92265
94941
3087
62258
61585
24359
83676
52728
42625
41271
40380
57684
79251
17050
1161
19600
90455
85048
10726
55449
48982
46687
12615
42948
45315
61977
25755
97763
45128
7283
25407
49645
92612
81378
4570
45466
55116
31283
13455
73633
95451
30792
85137
41853
99609
91659
20136
41576
33697
66244
61488
80922
92640
59350
91802
62538
93788
88513
34244
33924
62655
67092
44663
32973
24239
96482
13908
77267
20231
64811
7150
93975
88511
10570
43905
70976
9001
69185
39322
97813
38768
68364
57078
91711
15594
29543
62404
46998
9394
57549
95558
57987
54216
70856
10736
83359
6277
68193
80192
37059
12128
44516
31541
53357
63613
56341
91149
65315
55312
61840
28043
7229
36136
73529
33153
67414
35333
25393
92518
41812
33054
48053
98602
97203
27465
51215
67570
85393
18755
24163
75779
93878
32531
26815
75768
13108
98756
59017
76879
26838
16087
80892
33745
23893
58491
41714
43893
26482
62178
46949
45597
91896
55521
49457
38086
69718
65630
38284
60157
77427
4117
45898
54548
64806
42750
83266
31066
44492
89926
8305
80387
53531
26447
76590
75258
30393
94420
19036
64435
88639
94855
95632
67564
63627
66708
62152
73291
20963
85426
34272
58552
65294
86543
91935
33951
62160
21987
89990
23076
19066
27019
75267
69057
98200
17177
61822
33433
40703
54209
1888
30763
51126
36433
20582
65316
19024
54153
44275
50922
94271
51852
99880
14136
86968
42718
51759
16225
46335
33724
48481
31388
51390
3217
36645
90785
76502
46364
54749
49370
12114
36264
39090
56838
93702
63323
57105
19808
68364
23008
90462
38208
79256
89167
30292
62501
9594
98479
68089
80152
54810
15453
57890
16318
44611
21662
7995
80860
58811
87979
89254
19829
96362
4236
87945
3998
28331
10649
75773
89532
51957
58433
38234
21118
9434
7143
55029
12793
47702
73915
30198
18309
88282
14672
5368
19985
18616
18074
40891
45894
25847
84495
86533
11198
98321
68268
79120
23599
10863
45848
47372
46719
56389
39927
89886
41778
17941
32033
10695
95717
2858
32789
46416
97068
43791
5048
81840
28355
74814
91707
35662
79030
96518
64277
56606
83660
61951
8430
11912
55177
62422
90866
90170
42594
28950
21969
67055
34414
65519
8418
4108
88944
41720
40780
81354
30453
98052
93907
69784
35968
24274
4215
9916
29475
57122
58819
64318
70703
10640
91316
38412
1434
48850
91012
6635
97205
73451
41364
30149
34355
99018
46969
97032
37932
66276
80448
55468
36054
42705
74089
20977
33308
98232
36544
35830
8267
46656
61701
75724
93327
31059
78819
39260
9441
3736
42564
76384
16832
79116
54131
41951
45212
72543
4928
51069
62089
29192
59050
4414
92836
2422
19018
28613
61358
55917
50473
68943
43489
5005
94719
16055
77254
50321
89020
43141
26811
59852
64107
35653
16145
36302
72708
11358
30023
36752
50619
69756
17082
40108
16510
98230
8873
13700
20682
41975
46415
60769
35764
8088
1140
74939
29957
76480
86926
98263
21257
24470
87986
20988
53747
21663
45214
71597
46372
31890
25263
78455
33970
5873
60916
47664
45536
81358
28163
29675
92213
57336
41533
93508
61125
32068
65942
23642
70833
16636
1303
76623
6339
82145
84463
90612
96560
59261
84130
69646
53452
44470
8117
74260
61511
43538
29289
34682
3549
94428
72630
40551
55427
51254
75723
89297
6996
75736
52179
27159
13753
64088
22725
53223
68257
18634
45046
30046
21469
78972
60278
84442
26835
18174
6121
2724
26613
71186
73634
47059
91208
66593
47668
22724
78587
89360
96088
45480
16289
85239
74027
70380
57729
55550
52067
31491
40901
36786
75724
72408
31020
66857
20867
87598
86592
43097
17514
36756
33387
43692
11831
65965
45300
26430
17917
40250
31503
85681
28223
58612
26574
98412
78697
8985
18884
33702
78613
22043
42332
6949
63493
42326
11660
74219
91055
92292
20387
51473
52309
79449
50759
99468
78524
20937
36709
59511
66853
46299
29158
31788
48814
74250
83000
44465
41719
31585
88202
27481
90606
65236
37322
47548
80734
14536
7037
3559
90177
9848
64987
21131
51646
87201
60122
62637
48216
28873
48344
55932
29607
1868
65593
72695
37873
78571
11792
72299
31897
66949
13279
93794
99607
91485
48018
4947
52069
37662
19710
61115
60919
1196
2909
69819
6683
47931
50865
80508
15619
82890
16646
48360
2002
91496
74937
35769
52369
77820
6172
59193
52757
94945
32280
29423
74018
10071
80485
73398
69339
33440
17633
13866
28519
28148
77911
76377
18398
59294
23234
10546
80467
21140
71558
54858
44092
14361
27487
18668
11926
81472
5290
69703
92972
49543
21316
75053
68501
97094
38901
21374
26302
77327
82559
68269
85836
60174
37376
66762
32181
80532
29735
39260
73759
1306
48718
99031
24556
77143
1215
61171
9996
86673
63189
46798
14439
92760
71156
81966
51979
88378
99042
51505
44550
83537
39334
64679
51773
12585
79221
89547
71961
3003
1113
44273
39984
43971
8072
23667
44186
15558
57926
98244
4913
38963
59436
45472
30731
83636
15076
86169
7624
69698
2314
25514
49801
32018
44630
25594
62316
98864
5862
76370
78314
30081
63870
47648
38959
59504
69267
73201
67616
58906
76946
1016
50261
7580
99571
34317
25312
64193
74304
28946
77398
22356
85790
79225
53007
75764
83120
12893
60747
18447
64339
15409
60248
43673
8207
22044
46778
71295
64692
66233
13701
77774
49665
22855
67619
1356
93537
34757
95108
79824
16064
41672
81144
30055
43163
95744
53484
70626
65650
74724
85553
85662
93662
88325
70752
73986
98270
2074
73951
23251
79567
30185
89912
50746
77504
37969
99796
39881
98529
36946
4515
51736
94948
71641
94847
44657
68398
19633
25021
20277
96164
83918
35147
30810
89111
79915
59507
30443
68693
57075
79180
50523
59167
81115
25184
9321
3298
59887
53594
7378
57506
50254
65593
20105
15174
96370
57988
17068
41164
25232
62301
25302
8968
14808
40860
45449
69507
29877
86827
57091
98478
92442
18284
59710
98749
3553
50974
87088
49239
63034
14707
56397
50614
69241
86305
52603
85663
22128
4783
82339
3114
4465
41614
61574
15827
18520
90923
71203
54454
54845
94197
80212
48237
86289
2065
78927
81090
23254
70472
89526
43143
17343
69155
67885
82951
5488
16647
20722
50924
10467
44290
8260
24621
84684
64903
5846
39941
48210
85974
68184
35124
34664
70633
25730
92442
47511
99407
48476
40701
93693
61739
25509
2633
87461
28121
15271
18798
56180
89810
54943
44198
40203
20333
81465
17423
84262
26228
3563
60957
98201
32400
35814
49127
89041
26198
60750
36055
85697
30614
64601
26814
87920
97907
31477
67265
48104
26230
12354
59768
12395
95211
56588
74384
60161
37156
86374
10243
79279
49140
24245
85353
93297
78691
56610
7791
72060
28281
46750
69984
61002
33764
70520
27978
44227
60108
36162
63613
17503
28320
42917
35848
41390
6802
12190
82136
49148
22994
35965
77592
45151
19512
35084
3093
52736
14414
80851
41828
30753
9526
73107
29531
80961
12117
21633
59046
47555
20217
9931
31180
54131
24555
66029
37203
64296
43605
87438
55806
22566
52948
96502
31090
60699
73240
40531
85299
46818
14596
49549
52949
95000
92385
74006
29638
82797
9584
16250
35787
53147
10099
43798
4313
77793
88847
70795
99514
9275
92490
33840
63799
98603
15623
11387
85330
37792
35069
32866
94581
56914
12414
41508
38805
18597
53929
65192
30983
73462
45845
20802
28977
27593
36052
31476
65613
76091
18628
49860
76513
11244
91355
86306
32214
20101
7716
18375
35899
32837
68582
88298
48514
77366
40413
34150
56392
12768
49111
32912
34848
38223
91318
14782
64252
94475
54575
60027
30120
11738
52357
81673
12449
10051
25335
89190
73224
37978
11528
35253
74183
29913
49383
90135
63257
95991
35171
92980
40011
87144
12774
45792
77102
60594
2006
25982
64834
52226
47508
23668
26362
74656
35297
20750
22142
46199
8594
60998
12714
55375
15470
22926
15374
27114
93191
30363
3859
74292
69400
92906
64003
17940
57672
36235
15025
13691
83865
96954
22228
89251
28675
62970
13693
11984
39460
17524
68113
15789
40670
23659
92268
37021
99129
63649
1668
90247
73533
2368
44125
38848
42823
52268
9943
74962
7854
70134
33158
52528
42072
68971
6304
77394
51103
91024
7481
62808
85241
57391
98261
84826
57702
69689
66499
69531
13163
32475
29270
1637
33571
66628
34554
82474
66559
33094
83697
83835
21937
25620
72887
9344
72755
75649
32751
96490
58780
7357
55027
4078
94830
75814
44620
55418
64377
92672
2964
16584
26709
1589
95494
79521
92788
97271
46669
91649
86447
83537
75259
50390
42035
11586
32473
75410
91541
18639
14855
63516
6367
98193
98358
88268
17416
54605
69434
17645
81618
66186
44026
39561
67532
82189
31415
30723
73341
87368
19699
2246
87628
62551
28333
40455
7725
38295
98875
7176
81955
13685
52516
27161
63487
83226
3714
31849
30336
66983
55922
46284
56544
89220
80754
75826
83803
37076
98523
4378
46907
86360
94198
7748
62170
72695
65390
23907
48715
89372
4416
7375
99815
91724
75971
84600
60560
95272
41826
70979
89175
78564
45001
63506
37841
48327
46679
88398
44954
49183
2253
39803
22821
79179
30980
22031
83685
79754
25703
95439
30148
79791
83844
32892
73214
53942
27599
38113
34565
16978
62425
94874
93723
48696
61162
62375
89580
49718
63263
67437
78050
79682
48470
91831
25824
28674
35061
50138
58387
53730
81735
62153
79917
74571
19556
72059
59915
24346
35618
54632
93476
53547
55252
85243
30167
61689
14866
29432
24703
48554
86796
73108
24279
60922
28415
34847
27338
67904
8912
3321
56522
53031
23290
11537
36808
62042
97812
61823
16685
66453
4311
14813
63815
95179
83013
24558
17183
33048
15428
96000
19606
82571
54294
56833
87387
95503
86704
54485
33993
55312
77089
72923
9693
11014
80841
89976
42478
80113
98284
76124
49503
52403
11090
39177
89364
20306
55419
34041
85787
87759
49259
69897
38049
79759
47614
41308
57074
36780
41439
26075
39338
83944
77051
99665
23212
84519
41351
8413
28505
69087
40472
45782
71666
23539
86307
22638
31855
68613
99316
57735
96706
36981
28640
75066
27583
15139
74088
35628
71313
80861
11642
75719
2063
14069
17911
68341
67006
56307
11366
65486
88239
38640
3155
42872
13852
78926
13757
3164
55815
87360
63440
18766
59219
73436
1213
83171
75424
12053
98880
40918
9142
12457
27605
70279
88440
13649
42896
85306
65330
56824
31053
22947
65834
60323
90657
13985
28106
52864
87885
70213
40047
96844
35613
96715
7935
70924
72925
6891
6622
94995
53799
58100
9833
42248
88076
72846
22629
79134
22311
28935
38868
2331
90286
33738
17144
57734
33645
9104
91314
24625
6701
9157
64186
32294
5546
79145
24966
80844
21907
63978
25746
4225
26120
78917
34881
63801
89412
27932
61353
73956
11346
15781
43532
47243
12524
7019
17236
56243
97613
95767
54481
64079
99072
50644
53175
99221
59546
71199
22146
89029
22291
12840
89624
76063
34632
66158
46880
97190
99274
31364
31008
61486
95591
78825
16587
12970
6589
50644
28483
91469
66850
93930
61745
81236
67856
13448
39967
1496
38877
61022
70481
42137
66083
70718
14099
95724
28486
71229
27935
2057
86394
68043
7434
83091
64320
21077
31112
38132
19423
37340
9914
12427
7810
75847
26893
47594
85008
42238
7629
30816
92978
40675
32233
42729
16246
30677
88696
1475
21011
85970
14197
29767
12901
60166
43864
27107
89994
1179
30256
