  999 875    600 80 240
  998 874      
  996 873      
  995 871      
  994 868      
  992 867 ответ 689 876   
  991 865      
  989 863      
  988 861      
  987 860      
  986 859      
  985 858      
  982 855      
  981 854      
  980 853      
  978 852      
  977 851      
  976 850      
  975 849      
  973 847      
  972 844      
  971 843      
  970 841      
  969 840      
  968 839      
  966 838      
  964 837      
  960 836      
  959 833      
  958 832      
  957 831      
  953 828      
  952 827      
  950 826      
  948 825      
  946 824      
  944 823      
  943 822      
  942 821      
  941 819      
  940 818      
  938 817      
  935 816      
  931 815      
  930 814      
  929 813      
  928 812      
  925 811      
  924 810      
  920 809      
  919 807      
  918 805      
  917 804      
  916 802      
  915 801      
  913 800      
  912 799      
  911 797      
  910 796      
  909 795      
  908 793      
  907 792      
  905 791      
  904 790      
  901 789      
  898 788      
  897 784      
  894 783      
  893 782      
  892 781      
  890 779      
  889 776      
  888 774      
  887 772      
  886 771      
  885 770      
  884 769      
  882 768      
  880 766      
  876 765      
   760      
   759      
   758      
   756      
   755      
   752      
   749      
   748      
   745      
   744      
   742      
   740      
   737      
   735      
   734      
   733      
   732      
   730      
   729      
   724      
   722      
   721      
   720      
   719      
   718      
   717      
   714      
   711      
   710      
   708      
   707      
   706      
   705      
   704      
   701      
   698      
   697      
   696      
   695      
   694      
   692      
   690      
   689      
   687      
   686      
   685      
   684      
   683      
   681      
   680      
   679      
   677      
   676      
   675      
   672      
   671      
   669      
   668      
   666      
   663      
   658      
   657      
   656      
   655      
   653      
   652      
   651      
   650      
   647      
   646      
   645      
   644      
   643      
   641      
   637      
   636      
   633      
   631      
   630      
   628      
   627      
   626      
   625      
   623      
   622      
   621      
   619      
   617      
   616      
   614      
   613      
   612      
   608      
   606      
   605      
   604      
   602      
   599      
   597      
   595      
   593      
   590      
   588      
   587      
   586      
   585      
   583      
   581      
   580      
   575      
   574      
   572      
   571      
   568      
   566      
   564      
   563      
   562      
   559      
   557      
   556      
   553      
   552      
   550      
   548      
   547      
   546      
   543      
   542      
   540      
   535      
   531      
   529      
   528      
   527      
   526      
   524      
   522      
   520      
   519      
   518      
   515      
   514      
   513      
   508      
   507      
   505      
   503      
   502      
   499      
   498      
   496      
   495      
   494      
   492      
   490      
   489      
   488      
   487      
   485      
482         
481         
480         
479         
477         
476         
475         
474         
473         
472         
471         
469         
468         
466         
465         
463         
462         
460         
459         
458         
455         
453         
451         
449         
448         
446         
442         
441         
435         
434         
432         
431         
430         
429         
424         
423         
420         
419         
418         
417         
416         
413         
412         
411         
409         
407         
405         
404         
403         
401         
400         
399         
398         
397         
396         
395         
392         
390         
389         
386         
385         
384         
382         
381         
380         
379         
377         
373         
371         
363         
362         
361         
360         
359         
358         
357         
352         
351         
348         
346         
345         
344         
343         
341         
339         
338         
337         
334         
333         
331         
330         
328         
325         
323         
320         
319         
317         
316         
315         
314         
313         
312         
309         
308         
305         
300         
299         
298         
297         
296         
295         
292         
290         
289         
286         
285         
284         
282         
281         
272         
271         
270         
269         
267         
266         
265         
264         
263         
262         
261         
257         
256         
255         
253         
252         
250         
249         
246         
245         
242         
240         
239         
237         
234         
231         
230         
229         
228         
226         
224         
223         
221         
218         
216         
214         
212         
211         
208         
204         
203         
202         
201         
199         
198         
196         
194         
193         
192         
189         
187         
185         
184         
181         
180         
179         
175         
174         
173         
172         
169         
168         
164         
163         
162         
161         
160         
159         
158         
157         
154         
153         
152         
150         
149         
148         
147         
146         
145         
144         
142         
140         
138         
135         
134         
133         
132         
131         
129         
128         
127         
126         
125         
123         
121         
120         
118         
117         
113         
110         
109         
108         
105         
104         
101         
100         
99         
97         
96         
95         
94         
93         
92         
91         
89         
88         
85         
84         
83         
80         
76         
75         
74         
73         
71         
69         
68         
66         
64         
63         
58         
56         
55         
54         
52         
51         
50         
49         
43         
41         
39         
38         
36         
34         
33         
30         
28         
27         
26         
25         
24         
23         
21         
19         
17         
15         
14         
13         
11         
8         
4         
