  998 884   700 87
  997 877    
  996 876    
  995 875    
  994 874  ответ 817 942
  991 873    
  990 872    
  989 871    
  987 870    
  986 869    
  985 868    
  984 867    
  983 865    
  980 864    
  979 863    
  977 860    
  976 859    
  975 858    
  974 857    
  973 856    
  972 855    
  971 854    
  968 853    
  967 852    
  966 850    
  964 847    
  963 845    
  962 843    
  961 841    
  960 840    
  959 839    
  958 837    
  957 836    
  956 835    
  955 834    
  954 831    
  953 829    
  951 828    
  950 826    
  949 824    
  946 822    
  945 819    
  944 818    
  942 815    
  940 814    
  939 812    
  938 811    
  937 810    
  936 806    
  935 804    
  934 803    
  931 802    
  930 801    
  929 800    
  928 799    
  927 798    
  926 797    
  924 796    
  923 795    
  922 794    
  921 793    
  920 792    
  919 790    
  918 789    
  916 788    
  915 787    
  914 784    
  913 782    
  912 778    
  910 777    
  909 776    
  908 775    
  907 773    
  904 771    
  903 769    
  902 768    
  901 767    
  899 765    
  896 762    
  895 761    
  894 758    
  892 757    
  890 755    
  889 754    
  887 753    
  886 752    
  885 751    
750       
749       
748       
747       
746       
745       
744       
740       
739       
738       
737       
735       
733       
731       
730       
729       
728       
727       
725       
723       
722       
721       
720       
718       
716       
715       
713       
712       
711       
709       
708       
707       
705       
704       
702       
701       
700       
699       
698       
697       
696       
695       
694       
692       
690       
689       
688       
686       
685       
684       
683       
679       
678       
677       
675       
672       
667       
666       
663       
662       
661       
660       
659       
658       
657       
653       
652       
651       
650       
649       
648       
647       
646       
643       
642       
641       
640       
639       
638       
636       
635       
634       
631       
629       
628       
627       
626       
625       
624       
623       
622       
620       
619       
618       
617       
616       
615       
614       
612       
610       
609       
608       
607       
605       
604       
603       
602       
601       
599       
598       
597       
596       
595       
592       
591       
590       
589       
586       
584       
583       
582       
578       
574       
573       
572       
571       
570       
569       
568       
567       
565       
564       
563       
562       
561       
559       
558       
556       
555       
554       
548       
547       
546       
544       
543       
542       
541       
540       
538       
537       
535       
534       
532       
531       
530       
528       
527       
526       
525       
524       
523       
516       
515       
514       
512       
511       
509       
508       
501       
500       
499       
498       
496       
495       
494       
493       
492       
491       
488       
487       
486       
485       
483       
482       
481       
480       
479       
476       
474       
471       
470       
469       
468       
466       
465       
464       
463       
462       
461       
460       
459       
458       
457       
456       
454       
453       
451       
450       
449       
447       
446       
445       
444       
443       
442       
441       
440       
438       
437       
435       
434       
433       
432       
431       
430       
429       
428       
426       
425       
424       
423       
422       
419       
418       
417       
416       
415       
414       
413       
412       
411       
410       
409       
408       
405       
402       
401       
400       
395       
394       
392       
391       
390       
389       
388       
387       
386       
385       
384       
383       
382       
381       
380       
378       
377       
376       
375       
374       
373       
372       
371       
370       
369       
367       
366       
364       
363       
362       
360       
357       
356       
355       
353       
352       
351       
349       
348       
347       
346       
345       
343       
341       
340       
338       
337       
334       
333       
331       
329       
327       
325       
323       
322       
321       
320       
319       
318       
317       
316       
311       
310       
309       
308       
306       
305       
304       
303       
302       
301       
299       
298       
294       
293       
292       
287       
286       
285       
283       
282       
281       
280       
278       
277       
275       
274       
273       
272       
271       
270       
269       
268       
264       
263       
262       
261       
258       
257       
256       
255       
254       
253       
251       
250       
249       
248       
247       
246       
245       
243       
240       
239       
238       
236       
235       
235       
234       
233       
231       
230       
229       
227       
226       
225       
224       
223       
221       
220       
219       
218       
213       
212       
211       
209       
207       
204       
203       
200       
199       
197       
196       
195       
193       
192       
190       
189       
188       
187       
185       
184       
180       
177       
175       
174       
173       
172       
170       
169       
168       
167       
166       
164       
163       
162       
161       
160       
159       
158       
155       
153       
151       
150       
149       
147       
146       
145       
144       
143       
142       
141       
139       
138       
137       
136       
135       
134       
133       
131       
130       
129       
128       
127       
126       
125       
124       
122       
121       
119       
117       
116       
115       
114       
112       
110       
109       
108       
106       
104       
103       
102       
101       
100       
99       
98       
96       
95       
93       
92       
91       
88       
87       
86       
85       
84       
80       
78       
75       
74       
72       
71       
70       
69       
68       
66       
65       
64       
63       
62       
60       
59       
58       
56       
54       
53       
50       
49       
48       
45       
43       
42       
40       
38       
37       
36       
35       
34       
33       
32       
31       
30       
28       
27       
26       
21       
20       
19       
18       
13       
12       
11       
10       
9       
6       
5       
4       
3       
2       
