106 700 70   998 2
108     997 3
109     996 4
110     995 5
112     994 6
114     991 9
115  ответ 106 502 990 10
116     989 11
117     987 12
119     986 13
121     985 18
122     984 19
124     983 20
125     980 21
126     979 26
127     977 27
128     976 28
129     975 30
130     974 31
131     973 32
133     972 33
134     971 34
135     968 35
136     967 36
137     966 37
138     964 38
139     963 40
141     962 42
142     961 43
143     960 45
144     959 48
145     958 49
146     957 50
147     956 53
149     955 54
150     954 56
151     953 58
153     951 59
155     950 60
158     949 62
159     946 63
160     945 64
161     944 65
162     942 66
163     940 68
164     939 69
166     938 70
167     937 71
168     936 72
169     935 74
170     934 75
172     931 78
173     930 80
174     929 84
175     928 85
177     927 86
180     926 87
184     924 88
185     923 91
187     922 92
188     921 93
189     920 95
190     919 96
192     918 98
193     916 99
195     915 100
196     914 101
197     913 102
199     912 103
200     910 104
203      
204      
207      
209      
211      
212      
213      
218      
219      
220      
221      
223      
224      
225      
226      
227      
229      
230      
231      
233      
234      
235      
236      
238      
239      
240      
243      
245      
246      
247      
248      
249      
250      
251      
253      
254      
255      
256      
257      
258      
261      
262      
263      
264      
268      
269      
270      
271      
272      
273      
274      
275      
277      
278      
280      
281      
282      
283      
285      
286      
287      
292      
293      
294      
298      
299      
301      
302      
303      
304      
305      
306      
308      
309      
310      
311      
316      
317      
318      
319      
320      
321      
322      
323      
325      
327      
329      
331      
333      
334      
337      
338      
340      
341      
343      
345      
346      
347      
348      
349      
351      
352      
353      
355      
356      
357      
360      
362      
363      
364      
366      
367      
369      
370      
371      
372      
373      
374      
375      
376      
377      
378      
380      
381      
382      
383      
384      
385      
386      
387      
388      
389      
390      
391      
392      
394      
395      
400      
401      
402      
405      
408      
409      
410      
411      
412      
413      
414      
415      
416      
417      
418      
419      
422      
423      
424      
425      
426      
428      
429      
430      
431      
432      
433      
434      
435      
437      
438      
440      
441      
442      
443      
444      
445      
446      
447      
449      
450      
451      
453      
454      
456      
457      
458      
459      
460      
461      
462      
463      
464      
465      
466      
468      
469      
470      
471      
474      
476      
479      
480      
481      
482      
483      
485      
486      
487      
488      
491      
492      
493      
494      
495      
496      
498      
499      
500      
501      
508      
509      
511      
512      
514      
515      
516      
523      
524      
525      
526      
527      
528      
530      
531      
532      
534      
535      
537      
538      
540      
541      
542      
543      
544      
546      
547      
548      
554      
555      
556      
558      
559      
561      
562      
563      
564      
565      
567      
568      
569      
570      
571      
572      
573      
574      
578      
582      
583      
584      
586      
589      
590      
591      
592      
595      
596      
597      
598      
599      
601      
602      
603      
604      
605      
607      
608      
609      
610      
612      
614      
615      
616      
617      
618      
619      
620      
622      
623      
624      
625      
626      
627      
628      
629      
631      
634      
635      
636      
638      
639      
640      
641      
642      
643      
646      
647      
648      
649      
650      
651      
652      
653      
657      
658      
659      
660      
661      
662      
663      
666      
667      
672      
675      
677      
678      
679      
683      
684      
685      
686      
688      
689      
690      
692      
694      
695      
696      
697      
698      
699      
700      
701      
702      
704      
705      
707      
708      
709      
711      
712      
713      
715      
716      
718      
720      
721      
722      
723      
725      
727      
728      
729      
730      
731      
733      
737      
738      
739      
740      
744      
745      
746      
747      
748      
749      
750      
751      
752      
753      
754      
755      
757      
758      
761      
762      
765      
767      
768      
769      
771      
773      
775      
776      
777      
778      
782      
784      
787      
788      
789      
790      
792      
793      
794      
795      
796      
797      
798      
799      
800      
801      
802      
803      
804      
806      
810      
811      
812      
814      
815      
818      
819      
821      
822      
824      
826      
827      
828      
829      
831      
834      
835      
836      
837      
839      
840      
841      
843      
845      
847      
850      
852      
853      
854      
855      
856      
857      
858      
859      
860      
863      
864      
865      
867      
868      
869      
870      
871      
872      
873      
874      
875      
876      
877      
884      
885      
886      
887      
889      
890      
892      
894      
895      
896      
899      
901      
902      
903      
904      
907      
908      
909      
