81129
8144
75795
59616
5238
6157
87108
72737
18601
66945
98334
76309
17812
1911
21057
47654
9846
17139
82785
47343
19638
59845
53936
18583
24526
91421
57815
3771
47566
92066
94724
99280
36802
37691
62642
9087
22666
87255
37568
39170
99139
13280
30936
55536
55852
60476
22879
79252
20163
43248
80371
42267
69158
77211
88424
64020
76703
49753
88758
83421
88205
24786
20817
82833
87952
52852
63031
22741
53591
31255
23544
34420
44215
20366
8059
81204
93531
26459
9312
38821
72182
72560
18087
81049
45319
33402
40432
48980
5413
16890
28183
3188
6071
98443
39673
59974
72033
54729
69523
4101
41896
80447
76890
65542
98370
88125
97934
65715
25737
76750
62371
48352
47863
18548
85537
54783
73338
58196
35242
97563
16658
83471
66552
79618
42205
57930
19424
69375
26445
92497
71740
13750
89531
81002
95560
2957
43880
69828
74539
21961
95050
16493
21694
97111
56097
95205
42463
22815
53832
91051
5559
97173
85098
61332
6339
33976
82938
70635
61112
37638
53353
34442
79057
91143
828
28576
17197
60401
70123
310
87220
41682
57565
17527
80021
20918
33029
69345
22146
84557
67182
61546
17384
87462
60374
4728
61319
4612
70086
94989
12168
59807
32407
68621
76739
93226
73712
5661
24398
77091
70180
128
26904
50091
26182
20969
97385
58769
34039
95524
861
70734
35286
80044
34835
67389
10885
88568
90754
2421
32979
5736
79850
31641
16233
21929
64116
92829
66039
28672
64256
39179
30804
94049
13690
42428
3660
79863
50744
33435
44453
50836
10723
68200
25767
65288
10787
12555
83236
61144
5268
61326
74061
48299
96438
98207
62555
9840
63127
15874
25715
38494
21700
2211
78909
38149
64863
40401
7076
64146
80168
85189
24457
63963
19178
18015
5671
36999
72890
6881
61942
3197
5240
18941
18009
58083
29624
19353
5268
78399
205
85439
11851
97223
63991
77638
39783
12329
80135
79639
21620
94274
45135
22985
98978
33321
27030
52701
70617
931
52298
34859
41159
52882
65521
92538
71908
72607
16885
67957
77722
7804
21283
33547
41888
28211
90452
68312
42281
10533
46869
61174
9318
165
16878
65022
35639
93788
6236
2334
40157
88470
72830
25992
60292
73968
34070
2896
83617
83200
43418
30504
72746
66792
34607
99212
84401
86159
60104
76621
82335
56860
23459
75866
74583
17269
87046
52255
76226
63549
91288
25528
75040
51517
28721
30980
37310
22746
83031
45532
38321
48548
48374
92411
88652
21884
42881
22226
57515
73087
8527
10612
62524
56403
38729
8460
91586
5911
44194
48685
84759
96574
75727
69366
12851
84792
52930
99508
5303
39492
61418
407
280
69387
25101
19122
66711
65903
56840
2019
44859
6001
95757
52670
56607
30146
20157
91182
3088
75439
58167
18767
55727
54452
26949
50643
84268
85079
76999
85261
74181
35693
28245
35814
79301
26069
67418
97747
16228
47758
70465
92670
31813
45619
72031
86045
36345
61428
14955
15004
55304
91831
42233
33384
23854
17286
52931
18838
6284
5235
53763
34964
79016
12941
1884
7974
604
51665
31446
32761
37331
18476
37986
63553
40035
11590
22928
59124
656
62754
83236
94143
30026
20840
88529
55333
88644
69279
78988
39558
37141
65759
97867
21520
27200
70401
87759
59600
7243
16163
66512
43826
5670
2049
3905
97409
14325
88917
17408
29467
76536
5260
5952
90320
98357
3464
62866
65209
32953
40718
93636
26607
31403
40238
63961
51695
4274
44676
13171
96328
44270
11777
23153
79979
68186
87963
52647
87103
7936
87859
89071
33221
37071
69842
65757
12591
77970
87998
16528
67449
19774
20591
41038
8236
71199
84633
24116
519
71668
45636
47022
36554
50614
49066
35106
2380
63490
44288
79579
55577
57090
34769
61722
59635
75266
12455
22543
6880
43271
71173
81028
50301
5850
99519
35064
21139
10748
14241
82402
11036
99680
2196
28474
97771
29650
6653
78671
22306
99577
8657
30985
64061
93547
88950
53861
13866
70329
90729
51022
84471
28466
48273
10092
7742
53626
51014
77794
17687
3342
96664
5687
29393
53424
74840
35067
20410
55742
4498
67807
34474
35908
75910
1043
26340
54106
40514
57888
6408
45666
80087
34257
89369
29773
88249
31758
60039
35356
62996
46019
91414
42471
41627
11602
76250
90736
49100
26923
33964
69228
24919
88272
35063
22906
91385
7380
55212
11185
92515
17989
9292
44087
70482
65507
79244
29918
46461
11348
16040
27347
34582
13258
23696
66075
90597
79381
77766
20452
43410
68597
73439
44436
44667
85926
40367
768
10547
30627
99095
13923
37111
8460
3485
56580
66956
47198
91982
74787
42989
74465
52734
23466
11618
78809
89502
19848
73676
65315
35971
18389
15291
44706
58359
82602
23702
38718
69927
7626
88528
65491
50088
23982
73027
86920
54075
7087
17153
82878
17573
21648
80332
37683
24527
49396
50637
50917
73764
15385
89445
86720
91996
12237
98387
74900
16555
55196
949
63531
66999
99549
84728
51844
97237
6582
14652
96981
70284
28428
40304
81368
71019
43397
75271
61700
70378
12514
52263
95257
34436
14687
2761
70476
86039
22679
81192
28822
32010
21937
24236
10533
80179
5260
73021
62552
86491
84381
34248
45493
81186
66086
56809
3466
8808
96835
24308
96671
16155
87241
90205
11223
29733
97787
2046
8067
25686
49387
38685
83718
80293
13311
816
87176
65228
98679
14270
18066
58435
28929
2176
8468
74723
46270
25581
63784
19727
1397
27003
37016
38516
26116
82505
10397
72838
12633
79317
37951
45055
10447
43668
81188
86837
63482
72545
70053
54937
78121
87330
6030
92209
80789
33695
85008
81375
88647
44065
43003
41215
49183
57117
7732
23728
9941
48391
82489
99651
95566
13107
144
96363
65620
1520
41786
44975
91428
79939
51806
7992
12845
74610
1207
87122
57396
93825
36807
15574
42668
27298
64297
66583
67570
42476
94156
97066
26346
75714
98268
35225
6379
44642
74026
14931
41334
89751
57379
29486
10056
68589
31516
70061
42766
89899
30586
38630
20437
71314
27865
34506
38804
74414
56102
51291
75521
22740
44457
31350
66423
99921
72381
3481
42435
27064
41675
13211
23531
59826
28524
36844
61136
31244
47980
40765
64345
86255
77275
23586
51369
73248
83812
37811
42119
81993
47076
5488
52596
88697
75385
17744
10653
81734
38068
92293
74111
98746
43997
98263
6991
17767
18837
87753
36968
33062
32485
29373
32678
96847
70736
96762
88371
92949
23900
11269
83535
74136
22842
57924
1890
79418
27906
28338
4358
61833
61399
13235
44009
40933
70421
3495
89353
11676
58745
15503
42455
50798
90859
50644
8262
25823
17101
58490
89193
40362
8546
28354
98752
55230
8598
11395
74133
55475
60361
31994
38336
60381
10973
25889
31040
56553
90142
69609
22216
51101
22189
9822
71075
99518
94493
6025
48860
75208
1566
99211
18953
92356
33933
55750
5204
94151
62171
6797
50065
21481
36915
42943
81201
85249
64483
17943
17219
1325
54639
76096
6296
23684
54371
22057
81143
31926
52421
5394
77576
79561
72007
92693
65480
40933
4758
40675
49323
65219
9098
57057
50477
71739
81259
64216
29048
94418
61023
36911
12796
15038
46531
81269
77541
22113
68122
5522
41618
2777
32030
18614
91686
51116
45244
14246
8806
11994
55876
23308
60431
52031
92210
97168
74330
22125
53027
7970
53169
86295
34749
47643
57806
14422
22429
95122
70790
70773
53673
72862
40802
3435
99618
47543
75385
11489
31660
30257
92995
4102
55844
20080
20775
95106
57737
28780
45702
63461
61035
38779
67362
82631
8493
10223
88315
87650
84605
84448
61682
4659
31503
57065
37202
6913
11667
5782
63230
19447
37282
70062
98792
88884
77360
51965
35396
27063
83144
4607
59252
73494
18607
43928
57857
14977
84788
431
81479
24446
60282
87972
73847
580
20472
16841
28804
89970
18608
98458
188
61722
80087
13704
85569
65180
87074
84837
58489
83328
7720
1066
12870
69152
68857
56375
735
43965
4272
6310
40303
62057
36725
39544
37093
78367
46867
44480
72973
48124
77260
18064
50217
93587
19558
98181
69274
40970
44937
92083
31070
31236
28751
52188
43490
68925
91630
92946
87817
64952
71173
6222
37899
3096
47366
34221
13728
13695
23063
8051
72723
45054
51908
3451
43711
99637
85941
89086
28939
34381
31551
62118
73275
1659
6245
54234
53445
67017
97046
57717
37514
76890
77951
94129
46413
66233
181
47416
44917
8793
70318
53188
69196
94813
84831
29725
17317
53026
63224
53641
10799
28519
47575
22928
20245
67855
78669
29436
28329
23441
54678
9057
74798
20716
45863
83418
12547
75329
2183
66615
26668
23812
27898
18486
46548
59137
792
40760
44038
38327
92900
25522
87752
63655
46319
73242
73179
92176
39968
24816
95220
2050
77475
27745
89461
2275
46590
84146
28099
95557
11399
76561
39794
25748
73915
15165
19358
78659
99070
72126
73929
97267
64554
77818
96640
71491
61963
95962
84400
26856
77029
1723
87513
51843
33629
51810
91892
60407
94837
99826
78658
37342
67238
41856
74842
82724
16352
56860
37428
30553
25501
45059
1953
53782
24454
83529
52161
87691
69354
9807
52892
29333
59301
92978
21265
33056
18250
26592
21495
78390
10979
39088
37340
90330
7176
11005
18008
27653
73630
45166
24266
88638
19162
46467
71031
15474
89139
84851
11349
13304
26640
16435
51608
80593
49322
33985
46052
32127
79135
59062
60648
14944
70942
96900
2820
52659
11574
2967
25412
11490
42537
39468
63433
63742
79172
50748
25459
39724
82480
68380
70911
70980
36536
2272
54227
18047
21526
24037
10762
52436
14514
50648
54174
12709
94231
87446
82167
55872
22780
79375
53998
34672
52392
59636
76573
27350
91235
27455
27687
23421
65369
9922
47967
95484
53174
39381
20611
14184
76442
38473
66162
92356
42190
1039
36411
21649
44085
29881
7160
746
73690
72394
16409
81073
11571
39110
11205
39308
75043
59305
21125
3740
34546
92548
33975
65816
61696
55283
92008
23655
39114
65319
26719
39906
9907
88710
79554
72949
43426
89465
40023
31213
80172
13321
16008
1406
15592
88597
40495
50061
89247
4895
26585
65979
38230
89132
50469
26204
42073
58020
11700
72163
5581
73408
15843
66084
77614
17901
55142
98138
12677
39708
10947
32897
91119
73417
67007
63475
27814
24003
40766
11638
99973
48640
78697
31783
50945
1967
34601
11995
69479
96168
66628
26058
74402
434
40136
61843
31024
48637
14189
33837
6534
56169
38039
78519
57945
79095
44686
51594
80415
2182
18307
54522
13809
96791
6818
20023
15696
60568
53613
48238
647
38992
91311
50416
58058
63865
78504
35230
67457
3174
58800
63272
23032
22566
91479
22043
79504
3917
15300
81367
40939
66165
99777
42811
54102
51543
96707
67195
52677
87785
75354
35455
73986
73915
56077
88000
33990
79810
82792
56469
24359
47423
28131
46101
36735
86120
35510
58171
55626
29493
93783
19475
33477
8800
97271
13529
43090
18321
28872
96488
18228
42111
49237
6272
87443
66022
21064
95108
49258
41835
56762
66904
75045
51673
11467
79574
72821
15414
57369
15597
16596
36352
95638
41064
56035
47771
42910
39776
69867
77213
42538
53576
78572
92657
51287
99682
89777
27483
47938
61469
18075
64665
48432
69513
84494
1997
34547
47853
13974
28013
62445
57942
21257
22453
42597
16419
11501
93862
53652
12582
69337
29895
38494
80557
49082
68828
2509
64446
39996
96065
52829
68809
39660
44949
14687
99886
58338
16690
55955
27864
91975
90492
63415
65805
71284
94994
31878
93037
98805
44372
60962
47387
16748
53002
77605
44944
95808
17380
9797
99192
73090
46606
66073
63723
59731
21600
33006
69074
15584
41565
86258
75145
91621
30615
93522
15105
54052
3338
15897
70482
2979
92
86475
56423
2736
53001
71776
34196
16649
91307
50234
85713
92380
7921
23421
65263
65863
56037
93860
50124
66686
59515
56708
80824
67301
60442
59113
18517
56986
9852
9945
75606
39033
66771
12991
35298
1566
84298
42716
40028
15344
28712
94818
28054
93007
80491
59435
61755
27007
66921
26411
33526
73293
27376
3171
69916
16576
98476
98317
7791
50681
89474
809
24196
12132
83418
42241
21005
81525
91202
35278
29598
2362
96695
19964
63323
68540
28717
53479
24540
51913
23658
20666
7237
5352
71400
87908
71074
52908
34759
27173
86673
82456
96040
13178
91065
11158
99143
97978
49077
10875
66616
46561
78524
64403
78716
58513
17440
32485
76526
10561
27165
43145
99871
11522
95087
2327
1900
23022
26397
53291
46858
72082
39796
39808
62633
61518
81413
54714
29034
13402
31250
69659
37683
43626
99425
79067
10818
12457
23469
74167
42035
89880
65201
54449
4879
59545
74479
42786
65637
64100
20074
86871
89620
16074
59305
51259
37504
11648
45565
88326
27573
23236
51525
53617
29190
90651
329
34880
42034
89616
68246
80411
59716
63087
664
41935
48455
92765
6937
22189
50168
11214
24633
63137
92704
6040
17381
41326
67280
59489
7506
77892
76907
37072
11826
31637
56207
40426
25227
68764
33656
58592
28791
7641
87362
99717
32519
1577
93430
28998
76504
80174
45236
3247
16678
39931
15681
41850
26622
40993
28430
44930
41093
61290
12394
42909
12955
30224
16421
87516
42346
80620
45061
98733
98841
96174
4906
45934
56615
95276
32955
82433
51955
45198
94139
26758
72774
56654
756
44746
18027
16704
61923
84285
64843
70960
73954
55434
79956
8661
97779
61996
51907
25591
72634
20320
58340
25302
53076
13337
46639
72668
99762
95592
64762
95923
49213
10715
13376
51300
64294
85448
90581
33643
25468
67218
45744
34976
86293
66002
52873
79958
86150
80207
20736
62393
70546
6717
89383
58557
47069
89132
91387
68304
8957
78472
52914
8521
35206
79235
35888
19431
74717
20966
79491
15411
77768
63877
1227
12321
66832
59647
96864
89062
58403
81701
83417
67851
60574
93525
24565
44355
61857
5444
36613
54552
75131
99037
9494
61028
19691
7883
75708
94996
10978
72674
47650
27162
96854
16135
15025
33578
23962
73403
76936
31821
51754
44779
98770
4406
51134
38613
55973
3457
67762
36403
19132
26240
75728
88016
81770
20295
21661
81274
88390
62300
37536
83880
58375
6392
23161
65209
55153
19695
96451
39161
88855
61393
97844
73889
56957
17548
1461
90623
24903
58364
45858
34517
70981
79622
20896
35799
71368
75226
30062
37621
32297
51757
55013
54046
59773
42861
72817
56546
20926
70096
12390
55009
7835
6391
66401
21390
50534
88438
63766
89132
32070
84302
47619
68129
18368
75491
42188
67103
41967
54204
54918
60497
31626
72730
79771
18739
28433
71735
13525
95451
4579
42827
56656
8311
37868
51261
7048
32018
5302
60404
54848
5982
20798
94211
72094
95266
96581
3244
16678
95274
66667
28347
8412
38071
86739
64154
32852
7616
20726
89350
78640
3399
77270
33792
58192
525
7850
28874
12936
67650
44432
63172
37577
33348
8826
60041
75073
20951
90329
72972
14937
91614
21612
50186
72721
86496
4473
7215
34949
15562
51058
80479
39609
53327
11797
95898
75836
51312
7375
85003
44609
7619
98938
22991
86979
38151
12831
70312
17756
78245
50308
52572
54747
78575
13015
7049
8308
35630
78640
51226
76960
94439
36280
34362
59604
74249
90286
77748
49632
21817
28480
43543
35723
99074
99980
65491
52749
744
72087
75841
78747
49396
20936
68037
46227
30450
16160
722
7347
11674
56335
1919
62279
2599
70747
29619
17965
14350
59080
40041
25209
50946
98197
38102
66202
94026
94794
72897
76256
44647
57313
1852
79917
88269
9464
58204
93693
72089
22904
45098
85807
47274
28575
38062
73845
84682
47847
33188
22419
76386
39600
83594
93681
68330
30015
40573
74092
75552
45509
38927
87512
67361
93806
48228
2878
16849
48649
72056
77063
65048
118
89549
79597
14829
85416
63954
88735
75546
90141
36721
34750
23607
18431
50911
59765
41975
54964
33574
47135
720
38028
59111
176
14923
57358
31106
14676
18097
66480
78878
78077
89602
68347
86818
16964
17842
32378
92202
84916
32023
82264
13058
74010
47300
86496
46856
30612
87688
58543
10637
5002
56045
8361
17214
23272
87883
25076
90593
30529
9481
94143
81083
7904
75757
63941
6806
82232
95225
92259
32549
24265
4303
63374
52147
43631
14834
38979
8426
89909
39536
56922
52644
73148
2058
1226
96081
10814
28201
57340
66859
16884
29866
10715
31263
85651
60290
23213
50781
43977
37359
48406
92979
87778
52963
9374
78058
338
73690
24426
37448
14680
37126
93521
68763
35330
22935
94016
56249
27830
80127
9876
87333
14861
98404
32699
14180
36020
75205
3432
86720
45019
88857
10354
3821
55810
23493
41748
29933
86548
40783
71333
39546
95521
30653
83085
43303
17586
73439
77180
90301
86305
42535
11786
99238
23731
99916
39108
81844
33698
57151
53110
95985
63486
7509
40449
3442
29994
47325
47085
17579
22159
41595
31277
30133
60820
65210
59100
92041
86907
73724
14714
44646
25660
53295
92029
24418
55273
59433
45049
4785
25119
6849
66569
10081
81695
64406
30382
82242
23734
47496
51272
62830
28778
71529
12232
86699
16768
48392
65505
71838
91412
79623
2894
89284
97669
48611
74971
86120
80076
24661
72940
46658
26713
94833
3495
37618
56644
54316
94521
7021
83249
45024
76895
33477
78387
39582
43801
35511
3051
68096
12654
55319
42147
65146
77982
84138
92635
72623
54254
72705
32173
27168
52478
44752
13622
69773
49505
93583
79260
68165
67759
10764
70080
68174
70020
68185
11523
48048
94705
81276
44414
60539
40338
56224
81973
38516
86110
2694
14227
98055
36032
31712
80304
71070
14692
54259
22563
98453
31265
15555
29131
13712
13589
81331
91139
74088
53869
43860
48878
58338
51379
12470
51942
49144
63317
34623
72340
86706
613
88193
32286
2843
82181
23359
82515
66276
83280
50595
92044
42652
42923
79585
84223
82246
87063
85471
1447
41252
96770
50520
53679
28683
54439
18366
93726
71861
77991
5818
6052
59253
78795
89115
91470
24842
83188
19473
72178
72248
40394
10486
72757
8796
70381
45116
82500
97528
33159
61923
59653
54449
30130
71426
52743
25321
10929
38904
69430
74281
15953
35595
73660
43269
37781
66252
26555
50435
65622
30315
33367
83013
93387
31117
23231
30634
58952
50742
98410
28831
55285
40969
41616
10329
45606
64835
67075
11802
42401
11432
36921
35368
8081
80371
491
9091
51068
50778
36442
52416
10567
51576
69769
98438
29139
24055
66160
84830
88796
22437
94805
33878
16455
49339
43583
25944
29387
91130
69374
30828
51727
20139
52472
46920
77932
60312
94076
73170
10325
39875
7640
2998
90059
84801
33891
51611
24903
25704
63336
30048
51387
80252
56746
7036
99755
65919
61304
83836
98735
78822
66464
52185
69441
39243
32353
68464
42474
87261
32079
42840
91586
84174
48170
54759
71945
63766
69723
67795
20817
69872
90021
64298
25053
28424
30823
2274
46306
3807
75536
36860
88063
8671
60385
52054
80232
56562
86798
91789
24503
50292
19952
25008
14898
55581
57238
8938
17495
98892
82880
90668
40676
67517
21381
72400
82317
90475
70293
81797
24813
1572
43161
39808
58502
21690
75593
16148
3973
84935
80276
35553
16114
12308
33825
64683
53821
66671
43358
12467
83506
64928
42177
60239
34429
17359
5621
25451
4311
43771
70059
49904
94475
83926
4079
56054
73340
29650
75686
50437
15479
49095
39449
21182
88454
42432
33939
95508
19244
97736
63375
85034
75675
7508
52198
29455
2386
79104
83785
24526
18453
82456
67587
79758
47892
28909
64996
23629
38148
81958
71709
2943
29537
44689
72910
26753
38263
41418
24023
88239
99575
81435
24514
37607
97867
18173
26452
43611
58823
25457
89940
6330
36174
79524
68554
6182
5591
74049
35277
14013
95072
19979
20856
26623
87525
56893
54642
3689
54452
71666
52034
9501
92905
32215
6317
17585
55335
78411
47259
26598
2288
99274
79770
4479
76997
25517
7038
80766
54378
51716
52186
18183
20428
75072
42805
27550
81271
88184
50099
42604
88693
87039
35211
5744
22552
29036
69702
89158
13203
12821
18816
20421
83776
30730
18115
72971
8857
84234
43173
87031
63698
54744
32670
99486
33237
8721
33373
51024
6309
47779
55927
40280
86530
78949
89450
81658
93091
78121
17759
33903
26369
71477
40770
29247
79808
49913
50233
44275
52397
28661
71126
5299
56139
54398
87154
44123
90442
40897
80889
9219
41850
65026
96935
3738
30928
31965
28706
31537
10136
78068
34621
48640
94615
32592
87797
85109
35551
34404
96904
22441
66806
3894
912
57618
17038
18223
6594
12116
96928
17235
7615
31262
14178
49765
35590
85734
60572
14043
59339
69882
93986
26404
70128
28866
47947
11752
72938
27103
53256
53577
20250
64771
15894
49757
23655
30143
8474
93368
4035
19131
41834
16646
39704
30527
74382
32930
72874
66911
27028
93278
76897
10641
38745
50370
34640
69322
68297
48823
12073
791
72151
64952
64603
95547
6812
50184
55622
61537
99621
59926
23138
94012
43477
65715
45322
90880
94818
41303
19410
21316
72839
89772
18333
5945
71223
30081
94000
79921
19705
80022
4294
5531
57710
63650
94635
22740
67737
17120
70059
74625
37399
74014
85310
88949
50110
34881
37468
56085
98614
21253
8756
18916
17593
57451
1417
2999
1904
95699
80397
5377
37466
77796
94976
2840
16458
70233
62437
82584
87208
46541
4812
76820
7310
54658
3308
75578
15540
944
2750
55396
51063
25007
35942
13161
22014
98359
47732
74484
88757
19545
73842
87681
81675
9942
70355
3710
19232
13760
48756
36346
67354
4637
65188
21920
58692
61842
20650
12171
74983
91887
6518
50939
45767
7140
83820
56508
93941
33700
14906
75851
61792
36489
67323
33815
18906
20794
53200
65703
55289
68898
81973
91239
79401
8024
62417
52300
15326
14658
62797
29114
22221
74932
4699
31101
22142
90001
42312
26911
54521
35617
1114
93238
89385
29726
6571
85977
57291
38201
72043
43850
32865
63400
85262
72783
31494
15422
10343
74288
6677
62515
11546
45479
49978
22232
97655
5655
28185
2273
81537
14688
40107
53703
24016
69422
79675
41765
87292
40090
25862
33329
60781
60164
67426
82287
8364
33066
19769
66033
42993
54112
42244
8576
58662
65992
51546
28179
45700
72299
46926
97298
64883
35324
51126
50122
20270
36092
99174
63256
74238
4151
94672
31482
94692
8157
54965
84024
80009
79967
18411
44886
93944
89262
30127
70541
89396
55963
58814
99165
4826
37858
15861
61957
98319
75237
19779
84336
22261
31124
89659
54360
14700
77845
97952
38241
78000
59051
82496
31746
74424
84986
52749
834
22672
6209
66684
41670
57284
57783
53906
66222
82451
95315
85785
76128
47978
29469
11715
56091
45821
76668
52393
46545
74806
37321
77821
26753
43377
74365
92237
8799
82005
65917
32302
9366
82278
35175
10229
92893
86009
26784
7722
28228
19084
40343
80548
69424
53019
20523
52281
10616
82039
10261
69966
71850
489
60703
38352
14771
29051
40895
78341
98311
35834
35689
24271
71665
41983
53139
63947
17406
9974
33683
42981
14817
70014
32404
61421
99155
10850
67222
89382
36838
85966
11186
83968
14010
3155
25018
56691
89775
87025
81197
81250
90569
50395
23266
68040
1033
46399
72170
70241
77033
75087
72599
69530
62077
85658
1111
28474
30480
20360
45640
15838
2161
18810
69816
71543
41944
9247
62738
42500
80672
61251
90400
87039
48404
58110
74495
18160
6905
79160
78023
68919
73087
99685
97672
65720
9482
64270
86521
22148
16453
87781
13539
80928
75532
61425
11347
89591
38957
4016
32040
61660
77280
61355
46824
14180
89231
38114
52461
39876
19076
98035
88987
1994
20291
59913
86808
34815
43372
74223
16549
18667
53294
3412
21065
89692
39673
35385
95512
70206
39864
36182
81037
910
15500
10399
86773
55461
92291
60779
54806
69363
53133
28081
63852
11671
39753
80497
50967
85172
27877
71354
41059
91077
37080
55719
84565
62561
20622
62729
15889
33168
10582
25517
10839
52572
21799
44091
42193
44141
28960
53396
64919
66064
44838
80355
54772
76588
95776
12740
53446
84569
31175
11101
98536
4190
96091
288
46896
20046
23488
91252
14354
24367
60485
49188
13768
6129
38966
9886
48147
89908
62648
26015
56375
1485
75089
49927
57402
86194
21978
37583
42759
99060
58285
24130
55351
45091
64863
9654
30466
68442
74581
44794
33102
85570
8527
96039
54524
13244
72085
77695
94902
62561
33739
60727
47866
85052
97586
99800
75517
54424
18435
96171
3407
88146
20288
97037
2735
60435
65215
44514
52981
52711
78279
36335
71506
85174
2325
9111
97363
16532
95807
52027
51058
6596
98054
90575
48904
91993
30977
75036
12916
87741
45490
21121
62833
51924
1408
94091
11457
83478
69529
14962
4836
42091
69520
38821
28985
38193
83086
9109
20264
74109
5338
29761
81839
5752
28656
6271
3077
35997
85972
22524
41236
5007
80965
76268
55079
74406
86914
60439
58463
86724
16265
69003
88255
60717
23362
19251
16722
30767
66706
54169
18610
51645
63411
29109
48374
89712
79816
96286
56825
39169
28265
80210
27101
92950
18331
7437
29350
18585
10416
85818
28031
31006
45124
28328
54529
53331
48752
56161
96507
47661
74321
71965
11840
2602
65735
70009
97915
89559
10973
92907
23633
77099
86194
75424
84545
19914
30357
76898
77437
90030
75468
11751
19983
89689
22638
46299
56695
42952
24904
57438
66315
59966
61876
18891
63792
91331
63548
59767
73628
75871
88132
43340
51190
45356
99959
91521
23806
44388
17086
52364
5276
15525
48038
24118
33173
85893
4886
32976
85071
33174
84052
93952
51548
94429
69931
14228
90216
61088
77312
1033
28881
2352
78357
59246
90456
86726
7595
98725
12739
1571
21859
21766
31107
14273
94179
17003
55224
55882
88751
11117
80384
70489
84571
84922
60960
64117
95380
39075
9792
8418
79253
62842
96125
92186
95904
5661
81520
11188
45296
655
28984
31397
38359
63554
81776
64217
75551
68624
37223
62395
18383
23170
71100
72293
20921
58152
29422
40920
76563
75990
21350
50556
97178
69208
7277
11514
48583
53120
92179
26082
67509
10900
67761
88629
71329
81303
51858
11345
92654
14370
27397
26239
51908
12528
85285
11900
54511
94707
94774
39805
88720
19312
75348
47129
8505
82621
57088
49906
7859
14416
85044
21143
33526
14236
40385
60581
72932
78301
91991
48778
10930
59650
46427
22443
15538
19791
91254
9827
74429
89635
85630
55680
79458
88663
70295
3685
91569
5952
68984
47310
8690
21790
25269
9827
15972
79595
57786
65421
50546
69323
62929
59695
92426
81918
2651
92637
42874
57979
76081
45736
80073
84795
92599
80481
35483
32386
31012
9502
72323
80566
62795
14166
77541
37573
80239
76567
65356
41430
10673
75499
57044
74472
53471
18341
90863
16487
72586
21800
36706
50288
11878
83171
63402
56096
16426
77586
59729
32278
56985
91818
86235
64761
30938
75426
83434
63813
25115
46296
77945
27306
4402
60251
46600
3805
97605
39410
90948
57733
30493
58558
10827
20627
14620
57621
83269
25608
90383
45499
57503
27159
79696
50472
96146
3260
6625
85671
85762
63544
26320
29897
46599
83196
79783
80020
82072
67388
92512
79365
60415
14892
59247
518
89401
22736
52774
37756
45442
33071
80343
46998
77881
78115
42012
48260
34660
59642
57263
84527
27676
94748
71058
73513
43267
57029
74615
47979
16482
12402
15164
24315
3507
98727
58820
94837
13773
79536
16869
28333
16766
64444
50602
1892
31367
14062
79403
47498
86334
87629
13407
13032
48459
9910
58613
98563
92411
47926
34453
42215
78780
6954
35332
819
43784
48517
54155
54245
44013
59444
5954
42902
41724
94685
3082
99057
46782
52592
67940
9751
84156
54977
2156
196
57324
38293
26093
64546
80875
20852
23646
9929
54408
24063
61626
4164
88586
49214
26610
18392
14349
41998
14928
24241
2778
86356
2876
57656
63201
36569
26838
16965
37210
449
29354
22420
39595
45292
61099
64405
58147
12972
59235
71770
46825
78613
77235
17411
15391
19741
3456
26226
13487
48593
31147
9232
51120
85604
89696
92545
2899
79543
29479
63891
78437
28814
18360
70748
32699
73035
22597
40028
36617
76717
53967
9228
10501
45981
8116
78370
49270
18622
52496
12673
39002
77208
21861
35022
79494
14740
77589
54267
87536
22488
37986
20353
47063
1319
90407
73015
42277
82044
78290
30688
99663
50443
55320
60572
8631
56527
58659
64328
18090
37059
44638
27774
61481
3045
96983
82384
3550
87221
31135
37309
27194
83309
90640
78239
93258
6080
20967
31288
48367
51720
27143
73307
61686
40993
21460
30366
12328
41083
74550
71483
3842
11959
28275
3246
69244
13648
29107
24754
91194
15314
99847
85866
57373
37922
3417
76843
99269
58984
40968
6357
43374
41642
85482
97734
75756
18855
26176
38324
87234
56347
41946
17236
38346
28627
30606
10176
40496
76678
66563
24479
68367
1727
31324
47009
78099
73185
16775
72962
82387
12762
96989
39712
65627
94550
22533
25826
16720
40520
96147
94079
56352
43992
54815
72839
31587
55050
35321
10223
79663
75642
36241
30592
49289
78204
2850
12557
35869
32024
2446
53053
73129
70564
58200
70392
77181
36642
63467
90986
73760
90097
30526
46462
27856
95619
40735
54349
79591
30493
8409
61333
33129
37789
28345
6863
14190
40569
86323
31568
17288
34494
77572
79751
31092
509
99832
95521
79784
25727
293
97975
86131
40012
20781
38474
75582
20349
40926
85735
36995
17624
32845
54105
20195
72532
13576
6475
97071
6738
13954
64727
96001
20261
76614
65666
15829
30633
69523
27023
93701
71923
16393
89460
48397
62338
79851
47235
99511
37567
93433
48225
27872
40184
13266
65765
92881
29321
77217
47508
33779
60795
23589
72034
78637
88507
66279
1831
91858
35173
85054
67101
57709
69262
74427
41341
61430
38068
43282
93347
5434
63703
4727
7316
13562
50504
17822
11458
44992
65430
39417
5561
91708
59316
84525
38229
37629
98954
21697
8727
57244
53403
77142
45909
58776
38012
29466
57612
88821
68627
61250
30469
26848
84482
28615
42801
8619
99975
76607
21542
78426
17486
21428
76205
77405
88737
12960
48976
61542
49362
17896
98498
11123
87579
19375
43391
35499
10142
18380
3620
19644
34590
89679
20443
48267
36569
52698
49966
14373
90020
37651
3597
68471
62231
30671
13628
69738
58965
78521
53749
77077
66344
51935
762
99863
42065
55163
84216
34771
58377
33796
52814
26879
3637
69254
32804
38198
39186
98835
19254
75657
89542
89730
71841
10196
90733
32658
58663
47416
42382
61348
83885
98568
94866
41689
20509
97468
83957
90936
82004
50575
47275
76853
47578
40066
19187
41168
61329
90969
21853
27278
57102
34901
99704
31799
87286
84759
97810
75528
36698
28580
45217
39719
8371
27833
93612
42744
15933
7313
18615
55557
45535
15113
10173
62608
73051
87384
60911
38952
58167
3479
97635
57959
8375
56224
98173
53479
57585
64604
4443
12668
33070
30804
97121
54391
81895
11292
87064
35311
55772
10119
39574
19035
99142
4094
35655
67741
48913
16
53168
90510
95840
87610
83028
24029
69716
43916
72686
9618
96640
68835
3579
79535
85043
9923
43368
72560
66743
40185
75449
159
29910
53707
69187
30272
69718
65041
97466
64012
60738
26574
62544
11988
45783
93622
81220
83625
20419
43453
89686
11982
2897
95285
29889
21848
45682
2973
92034
98067
87995
71322
49211
76394
56570
40595
60509
92160
65574
64928
10154
17589
66271
38854
92871
24154
24835
67590
64018
14117
29209
87569
83451
78441
16824
53147
18643
43462
13483
4460
98079
26413
19260
44021
48148
7342
65395
69929
32732
80693
24071
92844
98896
58287
23708
66907
48415
91135
87001
94035
78566
85787
61445
41200
3964
87738
6026
1219
41473
75816
95357
65437
96792
37877
65358
26198
13147
47852
21610
61088
50223
38797
57601
79292
28257
34503
48035
79096
88345
81585
51690
44707
39899
68418
15440
49200
77456
8749
71758
74596
21112
34619
27123
22630
74753
22391
32360
97128
28631
61942
82465
37464
22877
5024
21160
58621
28465
10725
59104
13361
46445
90632
83589
14360
56154
42985
51269
57955
82701
68909
97865
97360
74442
68838
89573
18395
6024
49829
44652
53484
28063
855
52029
73128
49913
44323
13266
49373
57632
83276
16733
88505
67352
68242
75540
86441
87836
40702
43716
10912
33128
75266
63408
89450
88879
79368
9050
75153
86795
96600
24078
38025
4216
99187
16619
3654
2951
87700
68756
90258
36580
97828
25425
94207
81331
4713
86150
79046
99642
8726
68552
94028
51203
57998
13223
12726
45022
44239
8766
37684
79128
94734
91655
22425
40776
2294
32382
24584
36499
83862
89365
62697
92971
73068
80583
40405
16807
60897
14736
97553
12883
19793
64001
19231
83217
12874
57739
22499
26172
66902
79130
69455
51514
23339
26625
329
52138
62448
7628
79435
19007
4323
74210
52698
22303
62195
28097
20226
96272
49443
23340
6714
21057
36542
67524
1893
48066
24595
29370
37958
1710
42112
80368
43172
61208
30828
11139
34534
16437
74208
31071
74923
94403
71126
16311
61208
43858
42885
73994
4759
58025
50113
86053
79168
53456
78538
94181
72193
95075
4005
38829
78282
45260
65363
33426
59487
62280
82427
94368
51890
51453
81442
13841
68024
98074
92577
96904
45102
55206
73216
49567
15843
59589
80030
22384
16242
48201
15835
54835
88224
58764
36697
24324
45958
99019
52412
61705
45036
2405
12022
70910
55791
41222
61063
49711
20955
59253
33874
63425
33770
42118
85457
71824
4443
64735
97737
3201
83983
88716
75668
50473
24385
63024
99101
33103
49542
78181
12431
49118
70063
22221
94291
77413
54290
50149
38379
77242
32410
39235
75549
25763
82360
32931
49316
39503
19731
78276
82120
16177
91906
75560
79044
39846
40127
34105
51299
29096
89161
51361
41563
93642
93106
84996
94359
28418
37564
38516
67477
96971
1127
54710
90813
71628
35610
22868
60139
37203
137
70324
77305
7470
31262
26439
84174
73483
28605
62435
67656
85992
32257
49902
88944
61048
6928
55942
92165
78249
21945
3011
18223
79222
77622
58447
81999
71880
38401
72878
26050
60600
32924
62754
67297
37742
56573
24076
9335
95301
84554
55117
15295
2083
51095
43354
13777
31706
65740
14169
14512
73041
23914
16463
58719
21280
36277
9785
28832
86352
40108
64834
41576
25749
27972
1912
22256
6478
83765
83085
16191
14278
93515
73247
42836
2602
69795
53249
86999
29680
75858
57969
37444
34689
79430
67614
69546
26438
16962
74652
10627
66596
63436
69694
59840
45580
2402
64672
92367
49974
75827
75238
55687
49979
18991
62514
7364
15324
50583
6727
70118
93945
60181
41282
28902
34704
13494
45697
54086
17783
15483
69059
98258
51670
53816
6109
76407
16606
7188
78313
35557
58755
4880
29466
92380
12436
93133
55046
86722
34967
81059
84583
88106
2725
81699
11134
43641
48064
26650
16472
51056
92625
26175
94889
18671
55449
69014
473
14049
23392
6022
83777
97104
85546
71270
85240
82591
6074
35723
66965
97234
13145
80219
65528
12486
14208
28875
37432
74998
67877
3091
18789
67287
38140
69798
91185
70675
18456
28391
2701
98412
99703
13576
65087
75866
20185
17106
85287
85879
12270
28442
57968
89262
34453
94271
67084
84804
30813
93678
44270
36711
38309
89383
52598
54563
47161
83191
5240
17271
58047
70298
82440
54163
60581
28766
33080
91366
9987
56062
2019
96476
49219
64377
60269
61395
12689
11919
25259
46408
35685
12646
60099
73670
98673
77175
93640
49581
11150
39512
9461
28422
21876
72896
48589
61230
42333
50338
12712
37267
32734
26078
97939
33931
39382
47624
92106
83044
26813
27885
57213
42927
64879
53089
32855
817
60627
55244
3259
4545
57742
29605
75965
85122
73357
39896
51552
79638
20703
84855
52082
1237
14579
39247
73340
84987
2646
280
7071
94600
70856
80892
95953
2598
42181
72884
56780
59711
27657
31014
32077
6510
14449
3201
3751
64851
15398
36246
68361
17347
82997
28467
9966
86843
90613
54889
77706
92446
61949
98335
84874
37450
57155
35468
2695
76680
23471
97337
70610
24081
2111
42472
67349
83879
12231
94310
5054
38199
52236
12414
76915
93901
81955
69027
68555
70049
91846
48285
56154
51557
61093
70782
65844
76983
17715
6347
40617
20232
28910
74859
41555
81111
60331
88398
71606
74566
27530
52429
48891
49102
94648
30836
10215
44468
87175
72353
84549
2194
86762
90379
36637
47957
46096
7661
45342
8315
8270
63334
99135
29112
60437
85315
24278
81164
54542
50121
40297
71390
54239
15099
56755
36470
12990
45562
92586
95573
15078
99040
18848
80777
87639
94735
64380
22094
20003
51176
49614
9501
87000
81777
30344
47428
19782
22160
31664
84917
23884
19371
92013
12409
13878
78288
46378
22506
6624
77143
40827
45635
47608
60920
192
28299
86524
87271
11840
14060
62025
93836
44087
26325
49064
1634
6416
69405
41253
6863
46117
46957
68003
27383
73307
27999
34218
147
65760
14645
75868
35093
89202
66756
76523
67570
44390
80466
97469
95336
5568
78569
96751
75917
62892
25646
49237
90443
9463
44681
48414
57248
72133
74762
33685
39329
61952
12948
13826
82137
26033
89178
33247
6585
41390
95496
80992
47649
1842
87204
11336
14861
59077
29996
89524
95505
32973
80396
17586
43979
76399
28388
84727
14006
29503
64079
18858
86029
3682
79226
96545
1713
95563
56055
26655
68886
17543
43444
29343
73312
79959
60558
16871
22261
5069
2815
8801
11761
64283
49606
19534
13550
67756
90696
29165
24985
96411
74371
44772
57572
13869
46613
26578
6383
28473
55162
70614
17438
5116
98890
70683
84123
14064
55739
32729
23453
22223
1307
25702
50755
69391
18038
75922
46074
31038
15317
74599
73564
74711
27330
72050
92370
77580
91977
86505
8579
37432
13142
8966
81593
38957
59094
36808
48984
14921
52535
96858
29007
71807
99434
97951
20963
93603
15363
34352
53710
2204
78017
37965
52306
14325
530
81994
31494
23251
76564
79764
17628
44581
16596
59731
3493
42029
96348
31167
71630
11307
31492
33948
49802
92002
93454
28856
74336
10645
58397
28071
61039
91168
83357
47657
40303
82530
11982
29089
19013
45060
62707
50762
4175
43039
92685
96314
5579
11329
61838
39136
76749
90306
97926
58328
51483
89086
5127
97870
75329
58887
49507
70153
25191
79295
53561
2869
61077
62157
31777
29220
34899
11560
32457
53453
66463
53721
89374
27824
64355
7688
11003
51871
6204
7254
38965
831
71236
3251
89563
90340
59478
55797
90517
16491
29589
90533
70102
91757
34789
34976
17097
92662
26134
35253
62119
36365
31424
10343
28102
57422
28180
52347
84017
51351
14372
13836
29022
71838
81437
71584
94449
20017
31546
81008
95747
59971
11643
6910
6136
17721
85767
14367
53951
86027
69837
85010
4113
32539
52643
46442
38789
29154
84495
8195
82375
14963
95395
61431
34178
77675
39351
29321
38426
62826
46344
87127
80622
82929
86426
29723
68471
96413
352
68966
49794
99051
45752
69078
96802
34887
82225
42994
35489
78779
56844
10661
82405
53312
94633
37621
75481
5998
64225
12315
41499
12682
55481
69723
21776
22390
74522
93245
25369
44761
89803
31997
70130
44197
50085
88898
53696
91395
94246
54918
31264
73541
84616
35701
75338
38445
55505
7433
50889
65684
73160
13922
54876
32335
39353
45763
99731
71857
32645
71650
85038
39310
41756
11953
83453
28098
82587
13023
71464
88159
59583
55625
40620
49822
62135
48033
64414
68910
66859
9464
78140
36438
30834
90274
63307
96046
89001
49465
61745
5841
28069
77865
58855
43420
98590
58166
73389
21764
23290
84857
10659
97323
58351
90818
64028
14889
10926
29158
75351
71692
11922
70073
78122
92688
39911
18111
39340
59186
318
67144
52970
2846
94197
98963
10143
32247
70684
13581
56728
26886
25240
64963
60456
23521
47144
35044
36459
79069
99866
40910
49768
87686
84952
54498
47898
68792
44460
60079
3438
39368
33597
25940
82320
43623
92725
86100
100
9263
23649
31117
15048
25961
41081
95192
1852
77847
28549
15975
84409
60901
61925
73246
91816
97393
26106
58049
74873
57537
53636
55495
56705
27107
28277
76108
97869
82204
62772
42350
46452
17114
70853
22305
68442
76996
84337
53397
98262
27450
90384
53358
26690
69123
83495
17963
74231
1011
49972
88381
61546
95710
44873
55114
60342
66635
10876
61058
46246
32983
7575
90137
60437
95043
52693
30415
88418
16637
96690
76366
28528
26208
30632
41601
47849
52262
51950
55428
28719
41014
23444
81613
27628
31847
32460
34507
41052
45007
94171
80332
24758
29432
62538
81186
25850
16411
8375
13371
76152
49631
18796
34804
30208
39839
89971
96643
1804
98420
80162
12742
75112
25197
11625
73197
80783
72502
10667
29675
47792
78113
15700
55874
7104
69591
31169
45891
79071
70989
71993
22556
37378
45353
89450
65536
94167
46101
19632
54048
62436
22313
60825
66194
34698
8976
55469
55837
72527
19187
1230
99836
17068
11653
95840
57995
83156
47320
31127
72546
28943
1596
41330
96505
16279
40300
459
37492
91591
93526
93426
44948
58925
91915
19641
26528
90982
72701
72750
29998
38177
24733
54413
5736
99067
96292
36208
10296
77869
39199
25344
60879
89672
57020
22790
74421
90448
92018
24716
21127
66142
88946
21946
77640
33719
26792
43664
3464
6670
81400
9240
44094
42908
68137
33777
52829
72111
82310
2869
18457
14810
30247
96326
42252
69547
76568
92987
77651
59245
19503
3021
97543
12713
16769
4472
767
66380
75315
19603
70764
62540
80913
45601
479
32012
59559
31466
89914
19922
21587
86577
86063
54325
78548
44011
75308
45065
32231
72196
22620
46475
77443
66574
4517
92696
58822
14434
47748
84715
90587
89975
37877
61373
12866
79200
23618
25052
25233
91947
49885
87376
26615
7386
4330
55843
41584
50371
3631
24598
35309
24459
96873
83640
39782
8557
47410
53171
48955
70221
33900
1807
51660
44399
60780
79947
7316
17831
26631
37818
69201
79769
45819
72821
18513
99911
20594
82788
34309
26328
25818
17812
55572
33289
80479
58065
39263
7085
98221
1672
49584
53754
57578
89702
19926
5273
55516
33521
5355
36685
27348
68784
99264
47650
2986
63812
80298
12028
56947
85227
90084
56158
92091
61321
91185
36352
60678
45675
26183
1499
26651
61742
92495
29398
81333
80374
93491
97833
2954
41924
49182
58779
16164
51485
36837
43964
6164
19368
33321
3533
35414
3672
56368
51638
30502
66905
31294
21734
56052
10871
71460
8926
15487
92718
24496
45879
18392
15125
80533
23665
20633
53759
76951
61208
86462
94752
35418
39363
60688
29109
35353
48771
16639
46504
16831
81799
48780
47232
27227
82528
63575
365
41167
19806
36585
71993
2444
96648
82168
18506
70742
31865
35231
39429
21361
51733
41658
17082
97887
22834
4665
72191
16214
4414
17331
6226
19212
63621
66008
30890
77873
71152
97561
49415
37761
1698
51748
63454
42764
17937
41156
47963
65964
12107
94341
2796
73268
94788
11085
28854
4533
11971
26736
6508
39149
37091
16855
99672
45642
79136
57779
39794
40675
28697
71131
60420
61733
16831
62279
94764
49301
12563
45647
77407
16587
18083
31157
14464
11204
36061
11403
39481
98937
26160
75611
57863
87176
57382
83511
29571
99524
92235
38584
97889
12216
6395
62260
62747
6614
73824
53412
17937
8973
32208
99443
30867
6301
68916
24972
62038
62402
26198
32661
69130
50762
47370
45302
94131
76420
76123
5720
76333
71540
82980
19372
60251
4686
99477
15446
63224
64077
25631
75534
22799
41887
81365
14534
42803
11041
49982
98996
32910
51276
2564
70292
73228
80011
98819
73881
51088
66838
31446
60911
29993
29369
69806
57543
44018
53017
42143
47441
1023
81782
5003
29584
87962
22333
47274
69671
4365
9049
60922
70177
91782
39918
77851
62796
26753
69045
64903
79759
86599
1181
13306
25319
96246
41024
3624
20497
96573
39714
49142
35949
41789
26048
71376
78387
72864
42712
54458
47741
36967
6503
10875
86484
10527
79045
96796
31207
10288
54531
70901
82335
15127
65753
59875
83865
32670
39956
93194
80283
83885
7869
58270
27635
75695
80642
1993
30042
12585
36567
3394
3878
65672
32491
59082
26801
58932
77501
3363
84132
35724
75233
7427
34328
17963
69493
86480
54231
88386
33174
25453
7443
70600
93940
62914
28459
88009
12110
84492
28382
11371
71539
6181
68279
76867
89547
17364
81280
26266
37176
441
45283
40853
96927
59511
15439
66396
89046
15851
62208
12809
43658
97323
76308
51151
58686
50252
51183
96874
33767
17046
17017
19107
68484
94435
43993
7192
6808
5518
97073
25532
21683
29942
76013
29258
20335
59415
23492
45340
77548
76360
81316
51957
60011
91074
79711
81618
29703
34756
50253
64129
96797
63145
83594
88162
75586
11249
88625
77189
67891
699
36196
95175
14383
19050
16584
54236
44382
5801
44721
5175
50669
15512
31699
22845
77436
19198
21545
19612
51507
78348
53391
61841
58822
76318
29865
11979
80657
2067
54862
4295
28908
64482
17400
20750
52242
75829
97730
14040
93029
91553
90222
95190
53590
19220
27994
32712
59583
76351
25533
17034
15603
10437
10586
90969
75855
58183
34540
19368
80543
7876
63265
24849
85572
80642
98875
97100
36320
71371
75593
50450
7512
37912
12308
76089
53847
36383
78964
85694
98511
85549
52461
31399
18685
62502
92771
60468
46584
73336
52891
88483
92862
71183
93575
59561
10490
70262
14986
40571
10707
80014
64410
24679
7346
22117
66192
38105
24315
8299
71079
44740
71979
44814
42616
76589
57718
23582
57687
98512
953
40380
73863
41112
89709
24781
81117
48916
18939
40810
41706
10837
5700
35675
12834
4825
97468
22193
20212
25784
47513
12827
83099
31067
65274
62888
95071
11901
67080
50183
55016
64841
31586
67727
25523
66724
920
32100
57615
33479
12367
44866
16901
94316
42486
67755
69760
77180
208
27916
14456
88715
63933
64332
65748
77773
47959
99085
79363
64154
64273
52469
13744
30787
68620
73314
10581
34287
38314
3073
8282
5272
67505
92900
9939
82193
78908
12935
83464
92758
26236
82169
85963
43467
69941
2965
40423
42228
87024
89512
5770
13111
15269
93763
31026
70341
67480
97347
36938
53341
56727
10398
34801
17719
3557
59652
29736
62962
9740
47929
91865
47135
26463
5808
5066
88901
30479
20400
22835
19470
76002
14161
4633
91649
65635
39872
31545
58694
86682
6940
59082
80628
50217
12821
54181
43276
91093
34378
45915
5776
31089
49198
59454
29928
61361
20771
56698
33150
22353
63872
15576
72593
56840
78448
24656
6523
11404
75670
56744
713
12769
333
86058
99690
26509
68099
17606
91339
36511
55343
73210
51082
38682
84084
14395
71344
69416
87531
92747
8041
57362
9316
42592
29196
19350
13186
69571
35390
28024
64197
19880
83974
68372
21664
21457
49910
49531
62889
63530
20822
2091
63399
48323
86730
15708
23763
21431
61502
23564
62374
86354
30709
30534
31656
67853
93621
38866
82657
55720
83841
91237
27188
59179
45595
85863
66968
36548
67833
66094
50220
55454
79317
78474
5321
3862
18323
63608
52789
23745
89668
61900
57697
10380
19397
88456
5907
63558
74251
17694
29154
41379
83295
33533
77603
49344
8701
80462
61275
28430
87942
92807
46059
5334
88951
67053
3026
45454
37319
2132
21348
21854
49900
71225
13831
30350
12658
20145
31199
75839
67230
74711
33041
12807
59447
26173
39746
70963
93593
82576
95829
72119
19556
80475
32700
60160
90416
12883
26817
25425
66705
47634
56488
18116
28819
21899
49386
73125
6119
25862
1894
22793
93099
14534
17850
62192
60596
37680
79588
15875
22705
87835
18157
55140
61408
26684
93192
64330
44142
58056
39491
63324
49081
86253
95122
55308
95596
61298
73393
55315
30938
41357
6951
71331
85773
50055
68079
85075
1053
18957
35399
26772
57962
47402
21640
81718
12618
72576
5318
92626
75426
16613
43539
77566
50518
61660
93501
75369
87539
39544
79834
5961
27397
8378
79253
80230
32434
93819
48155
59472
12354
21629
46260
42385
21190
8934
40109
44352
36427
79552
84109
88159
67478
76438
44966
56550
92333
56475
5690
79280
43115
77648
55932
33576
3726
18153
4900
68439
21840
4593
20274
46962
80872
43739
65938
72392
58032
66003
7252
88472
22694
15264
91743
89947
91589
18844
75826
86771
49289
70059
55004
33461
35099
23910
35093
64833
86611
77742
28691
15345
38058
21690
94134
24733
96122
49281
46270
37015
26635
75949
22655
38204
14257
53819
20103
92553
34664
86158
46834
94207
97798
15533
79287
51319
30885
90086
67391
35342
22556
82034
92620
46494
87431
29580
94202
8050
10287
15465
76807
32446
63875
61803
46034
63088
64997
44886
40496
86960
47734
7347
81687
87993
6979
12884
95039
20366
11197
68033
90339
19234
25687
12889
32329
48891
65996
41535
3400
31050
94639
13710
1847
41220
39148
26992
87268
29306
79213
23031
70525
64091
26456
18898
42007
44034
58692
95657
40834
54823
67873
32817
10351
15350
53030
1035
75444
73629
47081
83251
28157
57210
10127
45874
27973
6850
62838
46040
48087
21077
78658
49093
61582
92118
45210
22598
4615
64867
24887
33812
6095
78305
52162
58354
81066
31533
69482
2579
81800
88207
46747
51705
26127
2239
99892
40927
86935
35172
17198
29689
41491
55433
46876
50918
68052
4754
23756
48913
803
95803
47634
70057
47442
59125
92753
95597
19597
49860
26905
88614
76158
15974
75540
84010
60055
52948
63749
22906
41652
96271
13091
14743
50086
82715
70705
4763
54011
70353
8874
71796
3141
53174
34506
61467
7117
22035
81911
3487
47693
94884
52077
78594
65186
90881
21582
62412
77057
48978
52712
51079
98315
99255
27317
91641
70584
63606
36668
14183
6071
53241
64881
64901
66439
37089
13234
56380
29372
48097
46578
95143
4879
49511
9113
18269
32744
63766
42616
24797
29484
61004
93217
39932
21811
48284
16859
40462
88913
52898
668
72065
47946
69076
71338
60520
9745
50456
86060
37952
35639
59324
86263
15143
44899
21815
17503
8088
64580
13617
70974
98088
40323
48525
84702
43181
93554
97209
90369
60365
2773
22796
93655
81419
77374
68575
94403
46003
1171
50585
99196
62085
22465
68073
98797
35901
60042
42997
23330
33631
56852
41166
43730
76538
11833
20787
2675
14220
46211
86536
2371
43997
3775
31594
20354
26653
14962
74242
42543
73528
37651
36916
30661
92863
9345
5126
7672
2381
58196
39030
45311
7856
79015
62208
30454
13508
22692
19521
97011
11140
56046
47134
61907
93345
15197
46777
91597
80417
25190
30944
38137
42950
80922
9962
93822
39719
76738
65013
27154
20308
9774
26611
56825
26543
94642
11409
68535
68199
44
60805
35160
57902
48895
54324
15377
71069
95203
41571
59973
24929
89671
26851
64322
82030
88484
87612
21870
6876
58702
78099
99276
8200
81878
34053
15308
99001
92375
72736
63557
15547
57128
19328
93686
13877
95076
39139
5985
64882
50564
56135
26776
84127
94810
52027
66210
42313
86637
66023
42242
42564
54293
18851
52525
81085
15565
49740
29241
87018
10337
12130
40741
66050
4390
26978
38134
30152
31476
2226
14192
50430
54750
41189
72732
41853
10708
28966
12889
52693
94599
96179
48520
87718
51840
40877
72821
66985
96828
21164
52590
33236
28396
83306
59828
60544
27094
88551
38168
66028
34937
3489
3081
30119
52901
32325
89694
78956
53578
65514
1827
30419
57985
34646
98657
15419
41720
31130
73370
62425
89528
53184
539
28982
25982
36945
13578
54824
17609
87807
39707
54784
27099
87266
43606
67997
51935
551
77549
2917
46543
1580
10991
71581
88462
3191
37611
87120
39097
58431
16221
65751
90773
80552
25587
30257
26509
21887
21969
85209
11684
38007
39635
34843
65423
93636
16140
87656
20626
84005
73716
43408
95560
7121
64520
35593
28987
45552
58602
5356
78300
18676
706
81792
26739
93542
51801
12605
91699
23955
85369
69302
20309
47024
44498
26550
19421
99004
69873
65774
75409
59699
25112
49321
62433
86459
37928
49890
36936
91016
38278
23979
24028
86903
70308
19922
90853
53938
40959
91695
10309
52027
41089
49048
22133
55091
92189
32280
90678
21968
91574
78324
75348
64003
32541
63184
38535
90651
6950
17600
69300
54767
55159
79759
63689
77791
98369
56767
10530
7098
24767
15147
14320
13513
81210
58408
24089
83364
92286
89405
83305
26971
76096
95309
78208
22782
23264
63840
67105
20614
7485
40941
11491
85900
16014
78610
41793
4865
57432
53973
88529
4825
80748
7604
48413
22827
14742
69662
50722
73083
26356
13389
33066
57238
80802
65830
26015
83109
40956
11381
69234
82356
86090
27161
33997
12671
38776
88175
9937
12284
5849
67942
6522
23278
15940
97440
57304
23477
47603
40909
22853
18808
60443
32032
56344
86362
31792
3339
44195
41822
98406
78010
89180
55014
68041
22061
72754
8314
30309
78193
42608
5558
81352
13982
53971
62217
51274
12997
85786
99736
87054
70357
21873
8500
38146
85939
6361
64322
70810
7819
20840
54293
29031
53820
25973
88608
40663
67008
94927
49761
25581
75268
75573
97086
9529
29850
77818
12194
69838
16104
66383
9992
6235
36242
58051
91672
49484
72571
43416
93459
51204
60776
58019
74130
20941
75543
72689
48318
39104
85684
80161
86692
94597
41707
66253
31126
83929
7916
63943
11548
5796
86244
77389
11522
64565
5468
65449
59561
10296
65144
53214
30738
11902
30593
22408
2764
52328
4062
46979
53086
65245
16487
51346
44666
65918
15666
34389
59541
23432
39124
56039
33025
3024
89185
79022
58324
90470
64985
94598
56217
52166
6689
54769
579
29727
23660
58951
43417
8045
59398
56816
609
97397
51960
91175
32599
41205
67433
26280
51772
80688
25131
99385
75349
21513
36272
16728
19454
7423
10247
98137
50828
40779
88608
97786
71475
52307
63606
39135
76199
70632
58517
35180
58545
76585
92139
2709
18317
58435
44595
89358
6868
84025
6210
18286
24591
54508
45743
61188
54328
69294
10613
34387
39988
94117
24832
77620
39417
52054
75298
79595
10475
8691
66025
40422
63131
65227
47059
37313
94240
69578
80892
99539
46361
28650
81198
8058
19669
43569
4852
84897
62557
43958
73509
41759
46856
5996
53556
4532
39237
64010
81531
98022
17729
92056
16769
17976
74631
23980
63049
54922
22436
34923
51827
96696
99403
15418
97729
30937
95834
690
15871
80495
7776
59820
68395
29756
31402
8246
33264
93019
21719
47722
30701
18315
21485
58551
81738
37374
98356
11875
83400
4571
63056
61566
66486
58486
94925
86446
11189
25346
91100
11438
38707
38482
29090
51635
64174
58225
46353
28091
5395
17859
33801
7951
25107
80626
14413
60736
33111
94143
32206
12263
85392
39749
11615
16747
54516
52031
34235
72073
69550
87691
20534
39240
46887
6083
23361
67127
25331
64819
63374
53929
30204
86860
82293
57263
77226
96402
35032
9931
50895
99047
98244
78987
96075
17681
748
86997
33140
92466
77026
95980
14089
95701
45681
11331
71184
85244
72659
67640
18947
73933
11224
13022
37833
13975
71910
80760
14947
16156
35873
62144
44909
66494
99559
60196
67962
47436
68885
62166
95000
80361
26279
21682
7398
65430
77514
28628
12947
66062
8423
23460
91096
78562
99352
791
58761
5352
57135
90705
5514
15509
62792
34842
52066
37920
32810
29494
75518
33431
51817
9634
88594
52768
5197
36819
94003
2009
65766
8148
25083
53578
68297
79981
63040
78618
13738
60863
38817
11619
4813
9121
62334
29046
80041
52147
38087
36863
1528
96451
38270
44521
88858
61319
72391
70432
58774
53847
67181
16549
43696
47109
15682
4660
60610
44032
69477
51445
56922
26591
55613
99327
15649
16553
1987
18192
82230
19778
28762
78370
23980
76673
21075
18166
88946
90977
93097
22966
61745
23305
54830
99649
24759
85385
76446
20836
30343
81837
63581
4883
63993
91684
67677
12698
9436
25763
19514
81426
4805
40910
63924
60512
14220
18411
86006
57100
72322
5740
91362
812
11616
85591
11466
30761
67674
53755
89945
82258
24192
66920
1059
18760
25305
67356
80424
28390
67543
43450
9825
12086
21857
26397
15580
52071
44129
75125
87844
55619
48804
97032
25895
15243
52694
1924
60460
51228
45200
25373
55682
32178
87642
86936
19107
75724
40245
92948
17204
75678
8082
76674
58535
3288
70961
61482
19235
83292
12434
50537
67194
81998
41358
4794
44171
60880
30892
96113
73002
26417
97279
17883
32807
35439
84256
4125
71630
4907
99394
75467
17893
69463
15786
24847
8769
46960
43799
75794
62883
21910
91731
16979
26513
23787
75252
36601
5911
90998
38503
23634
67449
61114
64759
56084
59799
49917
62844
55141
52230
91923
8563
43461
36178
83587
76902
64385
27433
37333
1839
55127
56364
6485
11637
21646
6551
30158
17881
46145
738
91746
70814
34212
64359
60906
73836
47981
52601
70155
55074
63396
21559
95604
23298
46647
23658
238
25413
59100
19717
32158
12575
8799
68374
62327
16066
37281
54653
3497
46578
67945
65414
24581
90220
79187
8121
82440
3988
63731
65388
88738
86743
26119
33188
85106
60877
51603
37337
81591
15045
18034
62496
11917
42739
21173
39049
5192
46879
15123
31633
66206
86833
61532
37600
98514
16104
59500
98997
82983
6097
94350
22711
46447
25550
4461
65437
85041
14576
27853
2650
45927
83787
59605
70328
36033
48804
74617
91415
93999
25204
8164
87765
35081
48118
85009
13042
79920
37105
56008
54573
62448
27961
84697
48208
66556
53657
33027
67479
48273
96692
4676
32156
76987
82150
71557
20926
38462
18064
97917
63824
31212
94520
74367
1821
27877
71435
47755
57313
53277
80046
15054
40470
37504
52170
32871
67892
70286
43752
52604
29568
19896
55482
56724
55333
21732
79163
50889
77401
40926
99878
89286
13392
21981
49789
30962
1420
11894
19257
9212
13333
26785
49676
57203
72438
15068
70442
89801
51427
58218
82744
58506
93152
36539
60166
42254
72330
62414
49898
96775
28314
59269
63997
60372
51713
46373
31518
77752
68132
3811
9800
93552
50618
41431
44648
77456
17044
82007
43429
94421
14246
40757
53794
25788
68403
17482
50261
91286
87268
15582
769
97722
59889
76604
66996
64642
19779
19064
40832
78316
72514
93353
90828
14631
27583
81651
84903
66082
71392
32400
95607
21816
78550
18182
70569
71923
13374
80850
47722
93778
2899
88264
96945
64575
64995
24047
21847
72793
56018
50824
32203
22609
9082
96173
39360
33671
42205
89961
16836
24527
87347
67522
34066
59116
2200
54350
55284
19033
22158
28535
81556
58759
96005
53731
34151
77778
46417
34910
16476
80472
47110
57033
79268
8630
36101
68970
90040
31625
97318
58943
86430
43076
63897
2986
54515
92941
22318
28268
65687
48936
79833
62785
12744
80629
98315
17532
63679
37265
60380
9251
2378
78043
54256
27788
18248
44227
82323
3725
72428
3966
98595
13495
80992
51051
9557
43634
8783
22536
23604
32584
85064
15192
85983
94335
29554
69128
15801
20320
67276
56366
87645
34323
62982
94656
48271
38012
8721
80397
78555
31706
76904
38124
86267
16321
16135
52483
29262
4531
54428
26899
73265
13395
5592
30007
70509
62738
98745
99973
21437
94923
12549
74525
22418
8516
81199
72457
55481
31206
90464
65878
14861
76745
6723
21085
60327
4654
44105
98445
83549
44253
37796
16928
2432
47079
1745
14637
88603
39903
65562
22638
99034
78309
34608
32999
53913
58017
80657
41421
74848
58735
56723
77886
81555
88443
6288
97730
74475
56537
62911
94833
55100
38090
33432
22542
30147
33404
86811
96251
20338
28878
47953
31905
41152
74952
7213
75183
7106
93016
21878
74715
46490
52905
20395
63794
82183
65749
85056
60131
40256
2126
21066
63635
36751
13620
11270
9432
21395
14903
44182
37780
25996
78688
80117
22917
43801
2243
29923
65855
99908
67431
67452
66473
40623
97957
89135
19817
13878
3547
48280
8075
43179
43340
17154
27265
51550
17869
1457
5785
10306
65859
61848
88897
33712
65409
640
74102
35285
98235
23482
69892
98623
22244
53579
50561
15519
7257
62887
64678
50400
73461
29625
72820
4600
20970
9832
86229
56816
71225
71904
5810
48230
77605
51326
33565
93787
30827
16304
68091
22690
65495
2432
46584
19208
61394
36336
32985
78959
24311
82472
19779
40571
26058
8744
81138
24134
21222
86715
57338
27266
76290
23775
74204
46867
59002
74475
66724
22973
2074
2565
814
51351
12571
30065
66847
4270
63156
73799
26369
70537
29845
3347
43151
65836
54224
5781
92755
50750
1107
69465
21954
10538
60144
81002
35540
64754
87783
70520
93798
10351
82656
23051
52926
81491
62392
48775
4223
6853
30455
83022
18842
70321
80371
92942
2864
88635
53244
12149
52728
69534
81666
86046
28928
73237
43186
15530
10214
6335
11526
753
37093
57503
33790
46678
96253
12985
25102
7146
61249
84547
97217
11797
22189
58088
68631
39174
24200
31865
73194
83566
98506
57063
48973
31578
78094
31534
81292
77819
16094
48061
16537
20802
11772
98102
6472
1915
68975
10930
21502
7376
24961
31544
13277
42140
14290
86240
99452
20450
14183
75636
75216
36780
17926
77827
59542
21427
42155
44018
39954
84065
29664
2020
49438
10211
35222
37050
65934
34525
75236
43750
84549
33966
84887
69944
93902
82403
61205
37106
92337
28860
19604
58880
64824
2033
1060
42076
67765
38618
6945
89236
11161
64758
9746
13713
80474
90123
96489
73268
35196
44030
5308
3324
81668
24023
67965
64150
3017
35870
77730
46598
46767
27425
17879
84854
86561
7905
67254
36795
48822
20868
81029
20443
56432
57295
87231
71200
45307
54557
30834
47058
82179
63420
38379
53319
14508
57268
39223
75293
65677
10090
42930
23811
45213
84656
92013
7641
38364
15346
78787
67483
79088
45509
33331
54846
48192
91678
6303
15071
93493
22317
37783
11807
99435
78224
80341
16131
28186
51059
13309
2884
78556
42976
93465
12475
26572
16046
60509
76767
68326
81869
32470
72998
83692
94536
88704
18491
73
65110
54633
58481
53726
25024
7095
33952
13770
53632
95777
49900
44303
41813
66936
60395
71911
9760
73587
32290
39477
54544
3570
99605
79161
6832
19417
3254
12918
55473
76521
913
96507
19762
90246
93867
14755
20318
75099
63345
65627
90189
66928
996
66820
87011
13368
37806
92238
21223
77196
74154
59526
17920
49016
63044
39357
93279
18556
67782
74182
612
63177
18598
79474
10038
34465
96239
17755
96533
22181
76041
7237
41350
8451
48951
6765
50085
61644
56604
48821
39250
13581
84582
70583
86924
63832
9304
58444
51617
21861
2463
44528
52934
31413
3019
32467
81947
11824
63015
3711
27912
65047
9165
40009
65031
19970
19169
57913
27536
87622
29082
66809
69885
25802
33584
50218
71681
68379
88837
42540
20871
53877
77269
20242
408
20821
36852
82437
56417
44345
73161
36326
46861
2940
97149
92875
68269
34290
8862
59613
26275
83131
19689
82093
4248
62573
43247
26234
17590
5837
8378
65404
50651
7342
97416
58777
44878
52477
13715
51404
28704
13416
93444
39249
92915
43713
22298
88276
26638
25474
91140
47518
74659
35115
94882
47102
65051
7486
87081
803
29881
95173
25834
95411
76234
98975
12447
21345
68364
33607
80388
94580
80959
54644
9354
46223
44753
30407
26752
90552
12194
6958
91619
9851
65284
50343
53171
88153
11296
19155
2935
99547
32743
4560
55552
39650
48817
64044
52405
5817
86806
29559
61427
2167
43125
49457
80876
68297
18187
16949
52255
71981
41701
88968
78758
54947
20666
88748
99245
9414
95848
57120
6455
87639
53919
75433
98203
49165
86938
81639
76540
82409
9087
82017
14821
39814
65110
52690
51656
85742
87877
23137
44152
4934
72143
5700
3820
90388
64874
64222
55027
54879
40291
48331
52772
43734
2449
13122
7939
36650
48515
38666
8970
30025
44129
54894
6735
54759
55427
88066
34277
96180
73802
69179
4505
64933
31499
27317
41550
29079
29632
57235
65710
51760
59446
98292
49661
67543
95448
63049
93980
81894
41822
29319
98223
68694
26777
88858
62194
42224
12126
7392
50655
74770
39261
62769
24466
8859
37346
30334
9424
41543
63362
9574
74816
76527
83469
61699
81646
84111
52016
44395
44252
44753
39560
342
29994
33379
19167
6799
85194
29304
26466
53654
72514
91654
68178
92852
70269
75750
63358
91905
45500
679
39884
62333
35676
60456
26698
62489
5699
5008
83355
76920
70349
93932
26615
38903
44256
84913
18147
