-1837
9082
5958
-9245
524
-4749
6807
-325
-914
-9966
1967
-9080
-3336
-7469
-500
-6636
8573
-7515
718
-877
-7014
-6507
6532
8104
-4398
8601
8016
-320
695
-7010
-2845
-9052
-7556
-4998
5259
3348
-9264
6549
4950
9464
6547
6047
-6780
5593
6105
-7539
-1339
-8911
-7015
9401
-3438
6394
7583
7697
1571
4144
-5562
9279
-7702
8
4147
9881
-8372
-4658
1686
5605
-4550
-7753
1972
-4310
-7830
175
5243
-9988
561
137
-4473
-3638
4267
-8778
6842
6643
-2689
-6084
4053
4328
-6011
8931
4336
5394
259
-9082
397
-3707
-5187
-9720
1181
1918
9829
5522
9906
1072
-9093
-9950
-7588
-1318
-663
7804
-5994
-5314
-8888
3530
-1698
6278
-7138
2813
362
-4665
2136
2660
-3311
-4469
9992
-2736
-2015
4212
4072
3787
8141
6808
5153
-8133
-8522
-291
-6529
-244
-5095
-5097
4408
8535
-1002
3626
2229
-9304
-9975
3600
-7131
3448
4027
8711
7554
3996
-299
9494
3637
8046
9175
-6448
-1831
-8937
3696
-3942
6823
6398
-4572
-8051
-1022
-1248
-4437
-6309
1184
-9132
-8784
9242
-160
1167
4424
-5200
203
362
-1512
-1836
4887
-5285
7904
396
4892
3371
9715
2550
2639
9240
-4208
-9750
3362
4211
-4933
1646
2068
-4227
8910
-6384
-6448
7436
-3998
205
-3730
-8291
1224
-7888
-6711
-8986
9458
-1776
-1551
-3195
-6291
7044
-2174
8409
1027
8428
-6834
6514
-7179
33
-6597
-7187
6923
-6450
-9690
-286
-9720
-8438
2830
-4585
4231
-1201
5265
-7761
8885
-3320
-8671
7542
3902
-6227
7001
-2151
-6053
6012
1939
1107
-9376
-6068
9921
9241
-9085
-2725
-1179
-4014
-8132
3000
-6703
5926
-651
-2746
4997
7993
302
-1705
8925
-2744
5361
8497
8671
4094
4142
-8334
635
376
3898
7350
-5350
-2918
-7160
-4016
-4972
-2983
3748
-8304
-6615
-8899
5531
361
1749
-3259
263
-1434
9355
-3841
6117
4174
-9050
-6495
903
-6853
798
-55
6198
5928
982
-8253
-5179
-3625
-6698
6669
6494
8723
-8745
381
-9687
-127
-5499
5669
8025
-4777
4124
-5391
-4372
1040
-9175
5903
-8928
-6366
8238
-4968
3433
7080
4153
-9350
5239
2122
3502
-3155
2284
3893
5046
-8693
6999
-3875
-9953
-6750
-7514
3506
6392
711
9996
-578
-4804
-945
-9869
9976
-3148
-5540
4425
8279
-7327
7248
2672
7200
-1906
-1735
-3258
-9289
-2409
2535
346
1656
-4574
-1699
7069
458
-2107
4644
-9671
-8162
4285
6186
7167
-8632
8796
-8766
3840
4920
-8983
3655
-8484
5454
5924
-4431
1810
6870
-6619
4789
-8756
-8517
-3464
9962
-3472
4083
8961
-4855
-9002
516
-9898
4332
6166
-310
9952
4102
893
2689
7188
-2504
-8664
6122
-5449
3678
-9448
9855
5829
-5784
-7703
-9178
6055
5731
-4144
5498
2254
-6708
1877
-8461
5564
-3611
-5614
3906
6320
-1857
4174
4909
-6827
6682
2760
7158
6262
9287
-4326
-9427
-274
635
-8055
-5655
-7798
-2981
7633
6990
2357
9289
8275
-6403
5511
7349
3237
-8378
-9169
6727
5522
7966
-3311
-5887
6187
3788
-1038
-7191
1092
-5860
-6479
-4365
-771
6365
-9875
5189
265
8913
1848
2760
-6587
255
905
5516
6252
-2546
5147
-2693
-6503
9834
822
-7763
-4599
-6171
-8980
-2889
4559
-4966
7763
3783
109
-1784
-2630
118
-2657
-9560
8448
2092
-9470
-8141
-4934
-676
-341
1962
9071
-4615
-642
5666
3296
3123
8983
7153
6961
5076
-1583
-7376
-6726
5902
8509
5694
9108
7297
6864
5921
-9758
-2939
-6246
-8052
-959
-5857
6253
5226
3864
-2402
-5532
9817
6406
-6065
5318
-3437
9694
-6407
6046
6107
-7320
5058
8828
4790
-1933
-8584
6355
8605
-4358
-9346
3670
-2089
4380
6467
3767
1033
-9359
9640
-244
-8517
1146
5838
1070
-5578
-577
-4752
-6966
8315
-3209
132
4398
-4210
9632
5
-7425
-8050
-4652
-1916
4042
-2673
-3937
5865
4491
2460
3012
3188
8436
-3168
-6510
-1699
1879
4634
5327
3502
-6553
7375
-3397
3549
-428
-8219
-3960
-8232
-1627
5278
-6248
-9193
8072
-1592
-4779
-9079
-5194
9848
5829
-2936
2146
-6409
6663
3090
1547
7399
8890
-7619
4512
-3675
-1091
5137
-8983
-6294
-6138
-2246
2482
9409
912
-9991
-8512
-5952
-829
-1315
-1528
-5249
-6528
393
-1251
-5379
-2262
1646
-9206
-8865
6571
-7788
2726
-9118
4510
-9581
5625
-8383
3493
485
1281
-4548
-5365
-6240
-9246
-6302
788
-5906
4421
-8344
2781
-3871
-763
3812
-5976
2980
7450
4816
-2355
5128
176
-2433
-4702
6914
9592
-3617
6178
-2194
5297
6672
9404
-6646
-7445
-4748
-2502
-337
833
-97
-8261
8637
6511
-494
-8899
4743
2585
-9123
4282
-6779
4735
5707
-7834
-5198
-5999
-2501
-760
-1189
3423
-4141
-5834
-2500
4962
1735
5327
-4411
7565
-4495
9955
-9208
-4282
-7555
3087
-4638
5184
7564
7895
-5996
6745
9584
-989
-5278
-4266
7891
1969
-36
4025
-844
3234
183
-8619
2985
-4160
5028
-3381
3335
3255
-4199
9544
5234
6037
4738
2348
7410
6196
3910
6153
2970
-4387
5252
7677
-9692
8227
9805
-3082
-2986
-5955
-3663
9623
2390
7900
1416
4935
8259
1619
-4620
1992
6700
-964
8773
6171
5894
-2439
-5081
-5855
2459
37
3747
963
9175
-7506
-8928
1962
-5041
2680
-1926
6201
7785
5531
5633
3701
-1982
-7123
-29
-6600
763
-5847
-1483
-3628
-4698
8178
-8288
-3485
-6994
-7366
-132
-7804
5113
-5569
6204
8203
-9948
1970
9929
2450
4868
8271
4480
9835
7036
-2433
-2753
-6082
9672
-2060
-2897
8487
6391
7030
-1384
7572
-1622
-5653
1267
730
-4356
-2705
-5875
7948
5691
6007
-2480
3231
-8630
4462
7455
-6458
-5208
880
6893
-5222
3723
9011
7950
-9419
-4892
7609
2751
3579
-5216
6686
2467
3733
-2719
6625
7130
-8121
-6550
2992
265
-6165
-803
7915
2869
8733
1836
-3785
-7933
-9562
7342
-5801
-7515
-1778
2860
413
6920
-992
9078
4246
-3713
9186
-2999
-6617
-941
6618
-3860
-3860
3272
5731
-6982
4131
3319
-868
6243
920
-4257
1726
-5569
7370
6928
-4652
-7625
1961
5532
3807
7709
-4895
1781
8343
2055
-9091
1238
3326
3391
495
-8678
-5197
-802
-7100
4955
-3596
5424
-6690
4412
-7365
8998
8379
-2849
6485
9850
161
-9111
-9883
3602
-7834
-451
5204
-7824
6653
-2922
1661
3762
1846
9270
975
3345
-3813
2544
-5343
9667
-4602
-3197
-3591
-1724
-1982
-8330
-2175
-5456
538
5030
5666
8833
8782
-7790
9720
-6493
-2602
-4436
-1699
6464
-7370
-917
4107
-3682
-2549
-9189
-7454
5644
7460
-9216
1613
4430
7164
8860
3832
-3091
5222
-9074
6369
7300
-5903
-2989
8263
-9389
4049
23
9870
-4751
-1232
274
-8865
776
-5127
95
9274
-6530
-5920
-9833
1079
4275
-6674
-2031
4334
-7422
-9851
7338
981
-2206
5194
7007
6102
1952
-5035
-4344
9642
1755
6040
-2665
5594
-8060
-3976
-4722
-4632
-8531
1455
3502
4946
2492
-4149
1736
-694
-5603
-8875
-8241
1866
-1201
6573
3862
1162
4743
-5074
-8563
-8272
-1645
-3883
6966
4273
-8490
6036
4893
4206
-6039
6956
-5216
-9149
9873
4757
-8029
8566
-6684
9101
494
53
6269
-4972
-3684
-1063
-4023
-2271
-1363
-7693
8069
-5360
-5207
-2190
-213
9261
-8105
-1598
7968
1263
339
1190
-8174
3801
8820
1190
-1197
-5739
6398
-8042
-196
-6727
8700
-9854
-9578
-6174
-8014
8231
-5470
8452
-6262
1663
4048
-7209
-1691
7183
-8653
3739
3235
-4076
5698
-5076
1115
1868
6594
-6446
4676
-512
1371
9746
-6437
-3192
-3952
-2530
-7751
-9381
6339
6847
9150
6734
-7219
7459
5837
-5497
-7902
1736
1075
-9293
-9620
-9187
-6164
-1893
5647
5148
1915
-2838
3635
-2287
-4887
5007
5293
-3550
4699
-6021
-1480
2379
-6206
-7116
3011
3145
2082
-481
-162
-1023
-953
-5812
-8622
-7865
9510
6869
-3369
-8485
-7381
180
-900
4160
6930
-2553
4237
5399
3606
-4536
9544
-2187
1748
9801
5674
5462
-7677
6264
3194
16
2209
-1261
6631
-796
795
6411
9907
-7220
-5651
-1924
5704
6271
-9968
6790
2166
-6206
1850
2259
-3495
-2884
9267
7464
-7597
5227
-1255
-9613
459
4073
-7254
9020
8803
-2093
9260
3025
2915
-7849
3798
7975
-3429
8256
-6935
7605
-5823
-1535
-4006
1043
-8040
4114
8179
-6044
-7631
5309
1988
-5300
7376
-8811
9483
5681
-6995
-656
-5491
3024
5343
-2570
9498
2684
-7498
3236
3491
-7334
4825
9072
-2137
6672
-2109
-6747
-7505
2828
8661
-6095
6523
4225
-2028
224
-2943
9386
-1895
5392
-1356
4396
-6389
7253
4053
-1670
-5597
43
4430
335
-6283
-797
-5007
3688
-6873
7229
-1349
-9361
9428
-3809
6342
-6155
-4528
9117
-5956
-8760
-5794
-5905
728
-3579
5977
4778
5894
-3679
-812
-6540
4958
-2514
-1002
4450
-4827
4501
-5452
4322
3353
-8954
5540
-1508
-3416
-9748
-9518
1952
7623
-813
-5556
1635
7396
6764
107
-6278
3168
1341
-6585
2994
-2639
-7505
-8776
-6523
-4995
-6022
955
-9523
-8111
-4537
739
-3173
8637
-2595
2516
363
-528
-1350
-3149
-5944
526
-2270
6449
386
-2193
-4877
-7567
-4356
-1953
-600
5590
-511
3018
-2065
-5978
-2400
1405
-6891
-1643
9146
-4553
1572
1002
-5517
3512
2396
6863
-5632
-2138
-8257
4069
1526
-9263
-9824
2654
-2195
3698
6582
-9823
123
5868
4431
-3478
9972
5086
1753
-4769
-8666
-5066
5087
-2383
-6623
-9706
4605
4911
-2676
-8946
6035
3355
3867
1194
2539
-6013
-6706
2668
9811
783
8867
-8609
-4821
-3788
-6844
-5656
-9486
-6681
-3897
-950
6843
-9818
8650
-7197
-2724
3380
-3398
-2405
8684
-3448
-4617
510
-2141
7956
-6857
3393
-2001
-7181
-1567
5421
-7414
-7555
-3151
1593
-7768
7917
9337
9592
4213
-647
1550
-4677
-7205
2518
6237
-5970
-7279
-8827
-1568
-1107
-8144
-875
-5735
-2185
-6744
6285
-745
-1571
4706
-4492
4405
9291
-4859
-3329
4419
-8841
1138
-9957
-2531
-9256
-8189
-9558
3836
5402
5968
-9750
-670
9616
-6576
7340
-9149
-3839
-2852
6811
-806
-9489
4374
-185
-2646
-9251
-7226
579
2828
-3626
8096
-93
8330
-8155
-1368
3456
-5273
-7226
-1703
-7515
-2488
-3622
4333
4235
1927
-4482
3030
-9996
-6881
3915
1438
2633
-499
7569
6416
-7603
-1565
-1575
-6886
6536
7729
-8129
6261
-3434
2699
-3391
-3835
-375
-6222
7261
8107
9605
-7386
9757
-6601
9716
-7890
7264
-475
-6221
8684
7039
-2138
-392
3145
-8964
-6598
-7877
-496
-905
-6520
-1484
-1202
9559
1485
-3273
7584
8262
-375
-7908
-1273
9852
2428
-6364
-4347
-4924
-3015
-3978
4148
8967
-2977
-9552
-1534
-8475
4343
5532
7946
-6136
7729
6409
-3996
3944
-1598
1658
1646
2491
6487
-2047
-553
8331
-7985
-9948
-1505
-9913
6765
4589
-6900
9234
-3319
-3995
9506
-6050
9506
-5124
-4415
562
481
2873
-7963
6655
8927
4925
-8863
8570
-3439
9381
5604
-5438
-4419
-4472
-7913
-5885
6985
-2884
8418
4841
-8243
3134
-2459
-2186
-3816
4216
-6613
3856
-8204
-9424
4834
8923
2488
5918
7362
5240
-7297
2920
-5285
-2897
-6300
-4659
-8032
5084
9417
9869
-6903
-6883
-2005
-3621
2331
-4652
992
7418
-7065
-361
-5518
-4933
4108
5695
7849
-9268
-6775
-9342
-7922
8155
7482
2169
-2003
-8230
-1514
5911
6775
-3468
-3372
6800
-4950
4989
1815
-4727
2840
-6118
-5985
-517
8323
3024
-4976
-2559
-2048
5598
-6044
-2014
5732
7620
-2791
9082
-9738
8632
6812
-813
-8451
-6808
7546
-805
-687
-8230
-6589
-7863
-3885
9125
-8586
1462
-2922
-2472
4646
7637
-9895
2382
-3076
4397
6484
9324
2431
-8050
4468
-1152
-1956
104
2067
8063
6642
-1576
-6313
-1525
4290
-4171
-9621
8485
8990
5438
-5462
-7146
-8701
1281
5601
-1541
1883
-1804
6307
-5071
3762
9337
-5091
-3316
-3183
-3490
-662
-607
-6849
5885
4983
-4931
4961
9920
-9992
1517
-3175
3818
-3032
1853
-8649
3585
-4790
-6814
-7600
8475
-225
-2389
-6462
-1447
-1314
3776
7870
-1900
-44
890
6363
-3849
5716
8004
-2876
993
1935
1906
6739
-665
6801
5638
-1290
3776
-1807
-639
-4879
2257
1886
2020
4367
9794
2096
2272
5795
88
-1110
-163
-1620
-825
-4647
-5960
5193
-4572
6382
-1917
-9227
4772
522
-3651
-4548
7509
-4249
1749
-5186
-5574
6848
-5069
-9190
5365
-9673
8612
9189
-6785
7307
-8006
-5128
-6653
4704
-616
-5726
5762
-5876
691
4279
-3712
-7648
6218
4579
-1828
9229
8446
-6487
-3888
-7940
4239
-5420
4032
-2856
-8373
5632
215
2736
-3518
5443
2920
-7141
6920
4234
4163
-2668
375
-6519
9425
-3448
-5885
-792
-1940
-4431
7521
-2347
-5802
-3244
-4536
1965
4247
-5915
1819
-2797
9954
6096
-1874
-3741
-2598
340
9711
2740
9797
-7141
8257
3574
3901
5036
-6884
548
-3756
856
3419
9558
8803
8398
-6857
5574
-6687
8005
-6118
-8401
-4400
2165
-221
8057
3969
-5307
7586
-8871
5520
-2502
-174
-1947
5762
9633
-458
-3095
-39
-4679
-9899
-6495
3008
-1726
336
-7374
157
-6349
613
-3200
3815
2379
-57
-5795
-7177
-7616
8663
2764
-9030
-7974
2179
-7387
-7427
1153
-6057
3497
1451
-6183
-4459
9298
5004
-2398
-593
3610
-5215
-965
-6781
1285
6785
8008
-5462
5802
6319
4218
-1197
3592
9260
2606
2342
34
4148
-4392
4684
-4475
3594
5785
-9090
3206
-310
8989
-2251
-7539
7505
-248
-4503
-1673
6630
9986
-72
-5391
-7269
-5527
-9762
4052
7826
8810
-9379
7961
-4992
-2751
7315
-11
-8643
1181
4763
1140
-7787
6450
9066
-2209
8020
-5953
-7522
-3413
-5866
-7262
3205
-2252
-5165
2848
-9751
6764
4465
-228
7510
-6728
-8082
6828
-7103
-2966
2378
5390
981
-9463
9059
-9443
-5705
6505
854
7913
8931
-4268
-9983
-9244
1441
5380
-2144
-7226
-1537
-1731
-8748
-8313
9421
-2675
-8703
5766
7460
6024
-7912
5679
2727
3350
8486
-4028
2041
6170
-8285
-7955
-3549
-9963
-6205
-4587
-8242
-1489
-9663
9498
-6982
-151
8425
9878
8252
6300
8130
7474
-4812
-4884
-3215
8336
-3567
-3296
3816
-9737
-71
-6862
-5605
-6752
-9539
-9536
-4398
-6513
-5414
1976
-883
-9970
7409
-5845
3357
-7058
-2214
-38
3495
1638
2599
-3597
4680
9732
-3558
5284
8994
-4822
-9176
-2069
-1042
-3502
-1805
-4140
-8069
-8017
-8336
-7696
4341
-6639
7106
2623
6173
-7004
1424
-2015
-5897
-6005
-7990
8330
-1561
-3857
4291
-104
-9328
-7464
2657
-3933
8839
3072
3689
-3823
7334
5674
-1918
898
-1300
-2957
-1192
-1595
3043
1102
5232
-8766
6401
7061
-5286
8823
8319
-8733
-4236
-1947
1115
4985
-3615
-8675
-1363
596
-9168
3290
-8306
-617
3220
2652
-2452
5869
8186
-3910
2981
6491
7848
7907
649
4650
-8077
-6603
-5980
54
-560
-1268
-9302
5188
-3869
-9251
1775
-3638
-9928
-3411
-8512
-1485
3445
-3421
-7352
1993
-4502
-1685
4534
-6329
-621
4862
3730
5845
9117
-8985
-7394
3498
5392
9979
3797
-4960
-9334
-7412
-1354
5055
-5851
-197
5619
4791
8805
1930
0
-4031
8748
985
-5517
9538
-1137
-5597
-8835
-7983
4281
-3594
-9836
1207
1651
-2292
-3405
9087
550
471
1132
4321
-7018
-4972
9078
1818
-4470
-6598
4574
5437
-3600
5330
9030
-8716
8554
4476
-5462
-1170
-8225
-6443
-1471
-4344
-7186
-3391
4090
4622
-8201
8423
4089
-9500
-6270
-6986
9075
2909
7804
9508
195
-2691
-675
-1472
2026
-3520
585
-8537
1353
-9502
6140
955
3701
-2966
-1467
-2008
-3458
7498
-8209
-6044
-8504
-3466
9195
6845
8357
-9064
5189
6596
6256
-5562
-881
-7950
8892
-6690
-43
657
-9076
-2606
7277
4477
-4724
-6917
9969
1305
5815
9032
6467
-8355
3497
2398
3318
-5441
4093
5594
1245
-8806
-3615
-6047
-6540
-681
-7578
4310
-6006
8515
6476
5995
9469
8082
5476
-6622
-2747
-6737
-6859
9184
-8825
-3482
-2093
4466
8964
-9697
-5418
-9996
-7886
5505
-5245
-1755
663
7721
8084
8819
3395
2016
-2141
9258
2371
4973
5960
2980
-8293
-2647
-9694
-2318
-4376
-4338
-7368
9691
6535
8907
-5115
3943
9945
2829
9897
1754
8358
5985
-4133
-5878
2528
7638
2745
-2191
-2067
-7034
2840
-7017
290
-243
-505
-7404
2387
8460
4115
-5780
1926
5612
-3682
171
-8805
-1516
4544
3904
3002
-7986
9414
-313
-1553
-275
9416
3371
-5385
732
6463
-237
5188
-7054
7516
-9814
7250
8696
-9423
-2283
-5121
4484
6762
6904
8252
-8645
-6859
-1780
-9863
2754
-2004
9008
5557
5544
4629
927
-3075
-3727
-2081
5241
-4832
-7102
-9816
-6142
1153
3725
5498
-1253
-2849
-954
-7432
8527
-6370
-491
6965
3920
-7090
-1308
-7302
9982
8538
-5527
9577
267
6042
3312
-383
2231
-858
-3227
-8822
7408
-6194
3160
-3838
1377
-2797
-4461
7373
7160
9467
4735
-3318
6685
1821
7649
2567
3481
1390
283
7177
3486
-3775
-7466
-3672
129
1963
-9935
-9718
-6163
2965
3914
-8657
9839
3556
1854
8845
-621
-9087
5527
-7792
988
2932
-3711
1594
8977
-4224
-4292
7670
7592
6808
-6003
7666
-9080
-253
-7702
-9332
5929
-5424
-3118
5111
-4718
-9967
-7796
-9141
-3193
490
-5773
-4602
-7569
6153
-3265
-5286
-6424
-2779
-5868
593
-8920
-850
8836
3040
6971
6283
-3951
7195
4359
7046
-9035
8782
169
-9133
3365
-4145
-2522
3752
-2893
-5989
-4450
-4865
5336
-491
-6548
-1140
1342
-7570
-9234
1022
5859
-9678
-7038
-5224
-5170
-5311
3539
-7381
6969
-649
9628
-8175
-754
5514
5630
1859
-273
1404
-6715
8586
-2560
-4048
7848
-4917
-3014
4682
5720
4311
-6016
3466
9979
402
942
1764
5277
6827
-9148
8547
-5874
5977
231
-8148
8301
5219
2844
3744
7534
2632
-2050
9644
-8848
-7158
6653
6243
-1387
9134
9832
9393
1721
-9663
-1048
7733
-1155
1595
2697
-1107
8415
6645
-6874
4884
-9588
-7007
3615
9000
6233
-2968
-9612
2557
-7095
-6396
-2172
-7793
30
-9453
-6670
620
9847
-6224
5134
1990
-9335
-640
-5274
155
5719
3099
6234
-1000
-8502
7777
-7834
7068
-528
1255
9778
8232
-8058
6875
7132
-1879
-3431
-9124
-782
-3772
-8978
6597
4896
1979
3534
9125
-1854
6953
9234
-6865
681
-1922
-632
4663
1048
531
9200
-1478
8350
-1790
-1123
-6264
-5662
7005
-8466
-7050
3303
8935
-1178
72
9203
4324
-2956
-5480
938
3221
7155
-7149
-1082
7421
2654
-2618
1035
-1965
123
-9660
-2358
3263
-4389
5324
5668
6912
6681
-8754
1373
9343
-4007
903
3415
-5540
-3898
2419
-3559
630
9615
4520
3798
-8703
7315
-5160
-6711
-6739
2434
-7758
-4112
-4184
-6144
3368
-9362
1227
5959
4295
5087
456
860
887
-8251
-2940
-6207
-116
-1646
333
-841
-2583
-326
666
-3840
-8251
-6943
792
-7406
-5973
-8785
-2299
-7698
7888
464
-8628
-4717
4093
-8981
-5506
7703
4647
-3083
-3603
-6362
-1165
-6545
-6950
9869
3285
3314
-6817
-9916
-9166
460
2124
-3544
3857
5947
-8422
8580
156
-1758
-5445
1815
-4199
3455
-3965
-4627
-8393
2245
8392
-3258
2215
-3496
8023
6628
624
-5046
-4717
5546
5229
-9497
4410
3467
-5247
8906
7590
7876
-2938
9703
5966
5845
759
-9745
2881
-7517
-4910
-536
7538
-7177
-6494
-857
3483
-7577
-3472
8138
7100
3726
-9142
6505
-4916
9605
4514
-201
3500
-4786
-9827
-6826
-7803
3980
2243
4442
-3198
6979
9798
-8842
4397
-2508
8184
783
-6889
9649
7831
-9242
-6892
1416
-3916
-8826
-5072
6530
1933
908
2705
-3657
5667
4546
-5040
297
8591
2343
-8222
4725
2147
1365
1595
-2645
-9776
-5223
-4330
-3207
-298
-6261
-7508
6356
-7709
-6914
-2613
-70
9443
-2850
4193
-4824
-6528
-4518
-9923
8048
-5663
782
5222
-7233
9913
-9913
7871
-4819
5737
-3784
-1217
-7467
-1800
6425
-2877
9711
-210
9052
-6482
-5167
-2740
-501
1169
-5567
4288
5672
5448
408
-4247
3808
7646
3961
-3978
-1317
2254
9385
-5447
-4262
-5206
9813
4175
-1241
-2269
-6211
4947
1689
9700
2880
-888
8240
4844
968
932
-6423
5819
-3098
2995
-2458
6392
6910
-7479
-7419
7361
1390
6695
-6249
2899
-1327
-4438
-1544
9975
9943
1853
1764
-2542
7358
327
-4286
4058
5546
5528
4555
-6459
1974
2934
289
7044
5906
7192
4406
1211
-1904
-8272
7934
4788
-7303
-1886
-7521
4887
-1138
-8773
-1665
-7936
2842
473
-2216
-9055
9823
-2952
856
5546
-2109
232
5513
-9499
-3214
-6707
-7807
2802
-7017
-2487
-6037
8342
4592
-6195
9728
8594
3739
-9364
9162
-916
9450
3054
-494
5539
4896
9000
-268
4103
4982
7336
7153
-2802
-9535
6202
-4621
-5663
-6613
5508
6594
2583
7805
9498
-1426
4169
7309
4063
6854
-5670
7781
2346
3811
-1768
-7603
2127
-3634
-3660
6166
-5603
4704
-6409
-5805
-4002
4205
-8823
-5890
-2796
4498
-2978
-8976
9141
9563
-2145
-1746
6793
8157
8639
1285
-3271
-1806
-3688
9655
-6794
-4042
4743
299
-7936
3154
-9976
-1428
3018
-1507
1450
-5995
-2503
-2106
-1349
-3774
4409
-2618
2880
-2651
3757
-8062
4411
-8822
3303
5483
-5034
1036
-3767
-4192
-7408
-9293
2404
-9583
1439
6969
-8485
5442
5219
-2947
8846
2441
1029
-9825
5519
-5695
-5355
-6382
428
-6345
9179
-9952
4721
-4309
6245
-9619
-454
-6210
4648
243
-970
-4855
832
9817
3816
9687
2280
347
-4857
-4123
-589
-5649
-4213
-3596
6316
-6032
2683
7616
3866
4343
-8623
-6445
4531
-2432
-1397
-1879
6548
-6289
1768
7143
-9039
-2676
4117
-8554
-993
-7882
883
-9978
-5088
5560
3966
1265
6134
7950
-3902
-9336
4861
-7085
-1469
-7192
-9715
1499
-7127
-4400
2325
-9766
-1106
-2421
3173
-4286
-6682
-4201
7006
1473
-2398
1386
-8918
7170
455
-123
8097
-6796
4336
-4619
-2868
-1600
-9789
8618
-8874
2126
-3308
-8861
2452
5865
651
-6207
-1335
-3814
2249
9993
-1359
-3049
-7224
9858
-2181
-3457
2785
-5034
3121
528
-8960
3181
-1407
7099
7773
1187
-5350
-7947
-5912
-3902
3703
9388
-7916
3303
-5420
716
-73
5638
-4344
5874
3238
55
-981
-704
5820
754
-9737
-7170
6544
-1537
7239
-7598
5950
-9308
-5501
-8032
-3086
-7944
-5863
-2435
6486
9552
1790
1887
-126
2747
9552
-9049
-4648
892
1734
5634
-929
7096
3298
4492
1760
5247
-3148
2115
-4153
-5935
8848
-672
6130
2702
2420
5145
-1455
7848
8454
5677
9637
-9838
7917
5927
-7880
-7047
1694
6713
1073
-6538
-6227
-2792
7721
-713
-4952
-4116
7026
5126
-6788
-9215
3634
7080
1500
-6763
1307
-9654
8358
-4327
6491
-7428
-5038
-5221
-735
8234
9730
5566
2718
-452
138
-7735
-1206
-2409
-4104
8223
-558
5382
7666
8651
6642
-3086
-6042
-4361
-8483
8827
5714
7082
2906
-4089
-564
-2471
1035
1340
8646
7278
2134
-3969
6634
-7674
57
8659
4656
6750
6225
-2408
-1590
8843
-4145
-9819
-543
-2752
6907
8264
-3948
5799
-9619
-9569
2991
-7715
1568
1865
6769
2816
7125
1864
5104
9512
-9995
-6616
4817
-9404
9931
9533
-3964
2507
4515
-7873
-9160
3533
5332
-4973
-2463
-8570
-2054
7774
-5437
1973
-5894
6119
696
5462
-9295
5282
9915
-17
-9580
-9723
748
9617
-3607
6335
2189
-1932
-2040
9743
853
1361
3995
4702
5370
3225
3937
-1077
-4969
-7899
462
5733
-139
-2736
186
4246
-1385
4400
-7220
1254
2386
-5834
1394
8545
1325
190
1903
-650
-4649
-4080
9311
-6702
2085
-8779
-9560
1491
118
5631
3545
2117
-7960
-1202
-3333
9800
-977
-5202
-6255
8780
1018
8777
-5515
-3087
1768
7822
-4555
-5142
-819
7071
2044
4772
-7924
9893
6163
-8408
-6010
4660
9280
-1854
3113
4579
-1582
-5984
-2909
-3397
6211
-8845
9508
-7532
-9447
-7058
1945
4615
-6974
-6123
1579
3248
-8803
-6834
-9622
-1349
-4525
189
-5464
5044
-7156
-9631
510
-1842
2494
7679
-719
8531
-7541
2799
5383
-2921
7658
4667
1717
-5105
-7029
-7067
-4981
-6804
-9787
-5896
7334
-1222
-9549
-4799
-141
-4345
-1219
9659
9258
5294
-7166
5343
-2080
-3073
-554
-8490
-9961
-925
-2320
1588
6668
9706
4892
-4375
-4687
-1700
2605
-7182
4872
4113
-4612
8881
-5208
4749
7791
4105
-103
8854
-3202
-2458
-2585
-4429
381
-3410
-3887
3351
-204
7158
-2790
-1541
-3280
8442
1520
7125
-7791
2026
-3704
-763
1610
21
4084
2995
9374
-3899
-9187
8417
8215
9137
-7158
-3277
2802
4162
-9984
9976
-3785
3752
-3532
-1653
-5187
8831
-9783
-4669
8563
1950
1784
-3399
9475
-6131
-2926
-4866
650
3523
6610
-4044
2044
-4865
9401
-5191
5810
3549
-721
6074
-6081
4010
-7515
-7001
444
1451
7682
-9706
-2799
3805
1644
9344
9978
-4698
-2212
-8962
8128
3922
-8699
-5459
1933
-1056
6701
-7359
2567
2782
-8420
2024
6054
-5899
3368
-1914
5861
-2221
-9723
-2046
-490
3340
8866
9711
8317
-3981
5841
-840
4101
4873
-7280
-8819
-3939
-8947
7529
923
7899
-3239
-2715
7368
1762
-8758
3381
7509
7616
-7665
-4566
3316
5649
-6340
-9132
7595
349
-5921
-4949
-3442
-618
-3177
212
-524
-7219
-5255
1234
2672
6311
-825
8628
-9751
-9714
-7770
3295
-4342
6552
-8309
-4200
2674
-8856
-2590
5546
9698
-7169
9489
-3193
4033
-2243
-7951
9352
3660
314
6604
-5530
-3772
-5990
-2900
-1889
6722
-4153
2212
-2142
4299
475
-767
-6488
7280
7340
9548
-3589
-7291
8989
1627
3315
1536
5726
-885
-8462
-2523
-8495
6009
1460
5753
-5973
837
-5816
3896
692
6551
-2010
-1438
-9145
5672
5711
-9649
2917
5698
9817
-6437
-9689
-6515
-8617
1604
1530
-2657
-9032
7848
1868
-7932
8984
6141
2894
-24
9042
4391
-99
-1936
4646
-1721
4466
4916
-2307
-1433
1947
-5320
-953
-7464
5861
4422
-8092
-7257
6795
2548
994
-2278
-9765
-8666
-7847
-7815
-8081
9280
-7523
3641
-5953
5794
-927
-819
8758
3972
3578
-681
-4756
2168
-5124
-535
9001
-2886
-9081
4095
3134
-9042
9377
3640
1213
-306
4755
3077
4131
33
-6641
-4966
739
2155
-6796
-492
3595
-6279
1147
9514
-5810
2440
-7404
6029
-4748
-6097
-4642
-7035
-9320
-891
3873
1552
-3654
3110
575
-9962
7840
-2334
-7433
5323
-4286
-6996
4497
-7896
5300
7455
4502
-1082
-3713
-5662
-9061
-8196
518
2664
4685
8202
-661
-8704
-3072
-401
8522
-8119
73
-8578
-4511
7553
-8013
-5391
1910
-6102
-5078
-5715
-9448
1092
5148
-3729
-1367
5327
-595
-4747
-3782
9687
8360
-8957
-6983
-7551
7482
-356
-1510
3951
-6103
6517
728
6643
4823
8866
-4306
-9752
7032
-6076
-535
-2632
4914
-9447
7615
-8310
5562
7577
2391
-4437
963
-7961
4314
8748
-5001
-7534
-2467
2458
3849
578
9855
2713
5922
-9949
-4539
-6707
6925
4375
-249
-4943
-2564
-8776
8532
-962
9424
7427
2179
2578
8829
-6166
-3056
-9960
-2137
3443
-8656
-7636
-175
-2348
7799
9012
-5809
6519
4816
8067
5128
6952
-2783
-294
-1413
-583
1499
-2617
-807
-5351
-1441
-2122
-339
1167
600
-5992
2317
4641
-7487
6996
3038
5255
-7080
390
5742
4510
-9918
-1222
2440
-7192
-2216
-540
8884
-7418
7826
-2321
5860
-8829
8953
9904
-4510
-9111
-6360
6844
-6918
-9354
-9757
897
603
-6805
-7527
-9831
-7307
-3385
8932
-2170
-6013
-9157
-4146
2179
2017
3781
121
6713
-9680
-7406
-9842
7092
3782
-8038
5667
5081
5423
3758
-3866
-7372
-963
6400
-9566
-374
4193
-3873
4047
-8277
3758
9125
8284
278
411
4393
-2655
-7361
-1904
4091
-3034
-8108
8519
-3363
6823
466
4501
2070
7208
9296
-4259
-9126
-1115
-1678
7879
7683
-5362
1675
-3804
3618
5091
1638
-7740
-3345
8070
4993
-3015
6540
-9929
-3324
-2757
8974
8897
-8604
4545
5464
3453
8297
-7167
5543
-4278
4895
6660
461
2444
-7780
9659
-5576
9846
7360
4336
-4633
687
187
-5851
-9711
-7239
7188
-1510
-330
831
8737
-3865
-2202
-8431
359
-4558
3636
-4208
-3803
3365
-5712
1365
-8619
-8954
4220
-5428
4310
2144
-7104
-966
5525
3767
-2593
-9891
3429
6251
4195
-8705
-2713
-7055
7770
-117
7365
7408
6602
-2697
7005
-6719
-305
-8920
-7385
-8208
-6959
2510
-6611
1652
1924
-852
3522
-3288
-9969
2330
-3330
7003
-5756
8545
-4882
5043
-3011
-2159
9621
-6221
-2818
-6335
-6106
2540
682
365
-2100
4609
9210
1134
6228
-545
8042
-1463
-9566
4627
1383
-6489
3541
8329
-4062
-4664
-1329
-321
-7844
999
-2087
-3034
9666
-454
1699
3453
9160
29
-1733
5766
-6736
2163
-8095
-9559
-4263
-1998
-1522
6153
-8273
-4497
8762
-3788
9958
-4753
-9808
2862
2945
-3424
4361
-6277
-1168
-9223
2270
-5755
2592
-4566
5855
5383
5666
-3937
7065
-6493
5692
9175
-892
4128
4672
-5316
-2293
9294
-6732
-7841
-8289
-9184
-3114
1105
8231
-8111
6550
3293
8737
8407
7163
-9721
-1431
-3064
-1042
-1084
9038
3182
-8763
8192
8796
6362
-3697
3995
7399
-8250
4345
-5556
5993
6536
-5367
2414
8794
-1426
2108
5859
-6153
4201
-23
-2804
-1074
-9386
3948
4920
-7184
3172
5059
-7819
-7652
679
6715
2279
-7137
-4634
4454
2584
-5538
2769
-3783
-2208
-5625
8435
7322
6056
-6005
-7534
137
4751
-6561
-3551
-2113
-3147
-4992
-1186
4413
3419
-9987
-6008
-6817
-9398
-9885
-3606
-3258
2562
1981
3691
-813
-9378
8721
-1410
-9713
-6541
-1036
-6363
-3687
2740
7266
-7499
8486
5725
-5092
-9128
7661
-3252
-2768
-3805
-2012
-8866
-6959
-9853
6008
-9549
-9451
497
9475
-7947
8463
-2333
-8665
-3450
-128
-3312
5525
7664
9068
8129
9723
7661
-1385
6494
-9950
-4002
9550
-411
-5930
-1233
7903
8732
-3717
2839
2488
-1513
3087
-9369
9500
-7340
8037
5353
9107
-8476
5650
-6383
-6238
9403
9365
-1976
6689
-8226
-4968
5981
-8468
119
-8321
9993
8089
1289
5169
-4115
6597
8281
-4176
828
-3902
8018
-3428
-6022
-7189
-8263
-5000
-8778
9246
-9054
-3013
4446
8851
7147
2157
-1355
-340
-4499
-2027
-7245
-8743
4768
-5556
-3301
-5893
1369
-3396
-613
554
-1531
-4901
6649
-6470
-4916
6222
1051
-2846
-6875
-1972
-9153
-798
2327
-8796
3517
7740
3039
-3439
-2030
-6600
-8432
-7606
-3979
8582
4493
6024
9885
-6206
-6284
-6207
-3973
7879
-8495
-3108
-1688
4113
9112
-7842
-9157
1681
7969
-3465
8400
-5928
-2433
-6059
-4678
9664
7746
4551
9660
43
1238
-4206
-1571
-1400
5922
9184
2915
8421
9120
-8289
2017
3207
8739
2431
-9157
-5885
-5381
2132
-6277
-2774
6654
-1207
-9584
-6252
8012
-8812
-9969
215
5272
609
6937
6714
3697
9476
4145
6935
-5658
-9144
-9166
2554
-1183
-3829
-6619
-123
-9050
3756
890
1549
4378
-7535
1194
4779
-741
-4207
-1761
7436
6510
-6315
-3862
-6655
4843
-1370
-8671
6194
-6879
5068
3570
2170
285
8356
-5239
7929
385
-6245
-2556
-4836
-8291
2725
-4393
5271
2314
3692
-7425
7454
9271
1432
-2115
-6731
-4925
1285
-656
3869
6188
-5292
2468
4539
7885
-4585
-1358
432
-7655
105
2648
6504
-3394
8390
6814
3754
3107
-7407
-8799
-1585
-6280
8279
-1955
8060
-721
5962
-5060
-3854
9600
-6137
-8942
-4447
-1467
45
-3540
6921
-4245
4110
-4489
5541
5455
5199
8173
-3815
4232
2723
6451
8538
-1427
5906
1832
2437
2935
-5442
3181
1431
9349
-1995
-9672
-4196
-4150
-8933
9814
-1969
-340
-9067
4757
-7996
3897
-8252
-3572
4884
1897
-4257
4999
3763
9897
-5149
-8317
2436
-1111
-380
7926
-6247
9792
5339
6319
8546
7290
7064
-1087
-4858
-79
-6543
-8133
5789
2109
1012
6697
-624
-5952
-12
-980
3849
2194
-2469
-8382
-3092
-6591