1228
5339
4493
9073
-7222
-4788
-7947
9545
6844
5351
-2894
604
2283
4143
-856
6852
7638
572
-9994
7427
-9607
-3785
4884
-5842
2335
7699
-9031
1180
2878
3522
-8542
-4173
-8049
7060
4436
4691
7495
2779
2205
6072
7908
1582
-1605
-6633
-7315
-7865
-4037
-1060
-3014
687
-2778
-3840
-8946
-3441
-8485
-3816
-2248
-8608
7020
848
793
-4412
364
3032
9763
6529
7351
1831
-1235
4559
-1334
-1841
-6397
7
-1990
-3776
6575
-9946
4285
-2926
-5133
-3480
-1013
-7929
9016
482
-7838
5601
-3809
8932
6869
4637
1116
-4488
-4894
1198
5158
-4269
-7422
-5787
4863
-5253
-8781
-7875
5976
-2773
3190
7932
-1539
7467
-7024
6519
-2032
5336
-8098
7597
7762
4943
-4396
2594
-8569
4432
4523
7993
418
-3643
-367
-932
8873
-9331
7692
3577
-3553
-8122
-3075
-2034
5086
1152
-5528
-1405
2561
4247
7363
-2316
-6643
8256
-8987
-7127
-3105
-9797
7167
2687
1510
9519
-3187
4662
-296
-3887
-713
1118
-5681
-6551
-9365
-3807
3934
-327
6710
511
-7834
5984
-5454
6427
-4657
5581
9349
-143
-8365
-3049
-8597
-3633
-1837
-8452
6444
-1034
-2802
6454
4227
5657
-7612
-2408
3524
9015
-6967
2572
-4284
-2974
-6195
3549
3231
-5613
-2657
7095
-8755
3771
-2241
-9663
-8551
6215
-559
2922
8227
-4222
4664
-7255
-2379
9219
-8041
-8413
-3005
-4827
5216
-1821
693
-6938
-6916
-8477
7158
-2930
6801
-5305
4180
-5833
6066
-8754
-6379
-4626
4566
-1964
-7162
526
-8362
-5828
8652
8092
3620
-8583
5329
4322
-4325
-6260
3365
7409
-2815
-1812
-9981
-4422
-9037
-480
3162
5650
9646
-3364
8505
8797
973
-5661
-3589
-3402
1463
-5981
4811
5753
-446
-4532
3745
5693
-5850
-7141
-6497
6835
-2407
4574
-6642
7967
-4597
8103
-8467
-5624
-3845
-2404
-4130
-1573
-4014
-5920
9480
3938
8487
-3110
-137
9769
-3631
8493
-4825
5640
-2802
-6818
2199
-3508
7135
-5532
-4545
-6681
4469
-9717
4588
4273
5729
9110
1171
-8268
5469
-4126
3809
-6813
604
1970
2743
-8485
3367
2316
-4177
-4922
1360
4673
5210
3654
3102
-3773
-913
6182
5161
-7983
-7144
789
-418
6574
654
3199
-7322
4158
9661
2231
-8306
-5627
9178
-2868
4682
6922
8263
647
-5625
4123
3020
6446
3523
9367
2209
3494
-9182
-2773
-8830
-6733
1185
4272
7417
-1273
3581
-9672
299
1890
4973
4315
-7577
-7885
-9424
1356
4827
-7340
1011
-6658
4779
-193
-3853
-4102
980
5791
7167
-7497
8455
3933
1218
-1298
-989
-2679
-8342
-2860
-7714
9595
4086
-5079
6421
-5483
-4297
7958
8535
-4773
2832
-6451
4382
3627
-608
2985
9008
-1697
1434
-4157
4235
7873
7617
-7869
704
-1605
-8557
5604
-5960
8488
-4967
-4181
-605
1579
2462
7883
-5642
-4599
-2248
-1036
-5139
-9829
-1799
-9076
8854
-341
9002
2238
-4944
-4558
-9531
-9216
2275
-747
-3876
-4657
-913
2406
-2513
-6523
1769
-7816
7609
-932
-8643
339
-4237
-9075
4296
-8272
-3439
7126
-8590
5567
3362
-5812
-684
-6621
4460
5916
4687
-8946
-7105
-4047
7538
8570
7611
9181
-4235
2432
-849
8952
-9409
9028
7510
-1076
-1703
6485
-347
-7044
6128
-9251
3302
-9924
1165
516
300
6637
-5823
22
-6336
9309
-7251
722
9041
8493
7346
-5708
6327
-2775
-1810
7433
-4794
3234
3790
9135
-977
2797
-4609
-2953
-8646
-5528
5121
-3395
-4619
4260
-1168
-5293
5786
3037
-6327
-498
-8263
932
5381
6873
7076
-607
-3449
3700
-6355
714
-5970
2099
-9775
5897
1919
3166
418
9947
-5800
6470
-3501
-6042
7277
-8918
9708
-1778
-4576
-458
3196
7835
-1775
8543
9410
-1541
9275
-9661
6303
-7918
-1470
-4671
8097
3224
-9620
-5309
-750
-5945
-8678
6876
5522
5469
6379
-6827
-7523
9907
4531
4710
2512
-4833
-6287
-3240
-2468
7117
5797
3093
-7926
3473
6649
3772
-9850
1404
8376
-2041
-4176
-3843
3156
6953
-7068
4160
6076
3184
9525
3728
31
-7036
148
2363
-3119
4067
1231
2131
9124
7724
-232
-1981
3335
6053
-2026
-2774
-2165
-2961
-1132
-2285
2290
-9575
-9768
-6014
7079
3269
4274
4145
-1715
1714
-7137
-9893
9342
-2696
-1516
4191
-1167
-4910
7339
-4411
4124
7927
-1092
-8741
3585
9134
7467
9128
5240
3152
-7613
2606
7056
9399
-1766
7378
8694
7758
2913
6898
4042
949
-7920
7199
8551
-1658
8853
-6024
-7580
5560
1508
-3788
-1223
-9791
-2810
1452
5708
9181
445
7519
5983
-3586
-2514
3144
6795
8004
-6357
1389
-3872
-9863
-60
-7766
-3295
-9603
-7297
7466
-7950
-5800
7701
1835
-5766
-9479
4185
-6343
1141
-8208
226
-4344
-4768
6439
6270
-5004
4141
4277
8865
881
-8021
-870
-9426
8816
-5048
7397
-2938
3460
8860
-8046
9893
-8200
-3743
-3761
6836
-4035
-8225
-7863
-2005
-5183
-8916
4843
240
-1337
-5433
-1637
7791
-9927
2957
-4808
6844
3550
-3860
9765
-9521
-8612
154
-8442
-9605
9999
7779
-7699
5795
6575
383
-4185
-8644
-9077
-6245
6049
-8725
-4494
6018
-4902
-530
7071
-4332
5422
-9852
5928
-4268
-2618
9312
-3400
469
2711
-1287
5260
-4683
-9803
5665
9347
5763
1302
4168
-5191
9204
-5592
-8253
3719
1971
-3133
-3924
3995
1492
3050
1275
7907
-727
8678
5752
-7859
9914
-6598
-2886
6094
7694
-2963
4484
-649
-3018
372
-142
1543
909
6668
-6927
-3490
8323
-847
-4327
-6627
-101
-817
2777
3819
7030
1990
790
-5203
201
-9354
-8606
7019
1147
8641
-4629
-2432
-1735
-6103
4242
-5411
-4904
8669
-9584
-2545
-9761
7988
1876
8772
2769
-9361
3120
-5484
347
9892
-7658
2613
6849
6613
488
-3674
6719
-7536
-8443
2117
-8463
-1172
2967
-1584
3395
408
1214
8948
-976
-5510
7352
4516
1596
4322
-5163
-8187
1090
-9866
7247
-637
809
3585
8621
1515
6826
-7768
-9416
-39
1979
-6614
4884
-1774
-1379
6396
8761
11
-6019
-4068
-3351
-1694
-9754
1294
-6366
8459
-6963
-6032
-9049
99
-4291
3199
2306
2871
-3133
9347
-1857
6134
-7712
-130
1825
-1474
1238
9017
5903
4875
1550
600
8377
9404
4990
-1306
4810
-979
3675
-9541
3554
8602
9815
2047
-778
8625
1589
-7802
-7516
9724
-6766
6429
-2950
-4417
-9646
-3683
7197
3409
-7716
3566
4602
-2481
-2627
-703
-2167
8861
1959
-1692
8678
9858
3715
-7204
-8766
8740
-8219
-4984
-3739
4721
1856
-8767
-7990
8609
-8394
8819
-9680
3788
-5614
-5223
-1508
-3205
-9491
-2648
-5247
9454
3578
9748
-7885
3357
-5544
8489
6496
9760
-5248
9039
-1143
-5539
-9736
7922
-7567
-4742
2781
1503
-1931
-5772
9430
-7904
-2519
7327
1244
8481
-8091
-5010
4821
4101
-3042
6005
-7172
-6790
-9968
-12
-1610
-8137
-261
5186
8069
708
9579
7711
2906
7700
-7872
-1706
-7730
7409
8684
4694
9242
2596
-2303
1003
-2862
4401
-2082
4154
7989
8872
-4443
-975
5958
9981
-9449
5156
-4321
4034
724
-2079
-5116
-2448
3176
-6343
889
-258
8501
-2543
7501
-4264
-8855
1004
3601
6054
450
8147
6118
5655
-8762
-2229
8712
-2601
-3265
6486
-2381
-1911
2586
1762
-123
884
4109
7553
8223
8167
-5536
5939
-4835
7115
7046
4653
-7892
-3086
-6838
2080
-1364
-4405
5322
-562
-2384
-1149
-6020
2630
-4357
9131
-1504
6668
-6685
2181
-5096
-9084
-710
236
-3498
-1022
-9611
-3568
4775
-7401
-6040
8526
5108
4981
8396
-6561
6262
1086
-3649
3952
1481
8713
7840
-1830
2768
5082
-2654
-5593
1537
1634
388
8905
1454
-8636
2684
-957
-8883
-8248
2049
1944
6770
-838
983
7520
4678
2045
6562
1541
-6176
3125
9048
9603
-1372
4074
8518
-9454
9942
-52
-3237
-3067
-3395
-8063
-5950
-9049
474
2780
-9699
-2523
-4901
-5996
-6245
7444
2025
7170
4520
3928
1544
-9247
3787
-8131
-7672
-8954
-2205
5331
-9954
-3408
-4380
8922
-8349
-9137
5761
-3094
3548
6212
-5619
6833
-2711
2767
-8731
6008
252
9964
-9612
4279
-5722
-5088
9130
9468
5271
1985
-9205
-7947
6834
-4628
3125
924
-2454
-8463
-5584
3480
620
-4015
5593
602
-5645
-5892
7448
-5699
4075
7575
-905
9779
6581
-6643
-8831
-3221
8778
9082
-5206
4986
-1946
-3379
-4513
-825
4345
-4970
-2609
-6652
7502
4229
4588
-1358
-2107
-6443
-7910
-5983
2154
7380
3685
5686
3894
7666
9203
4430
-2769
-4230
3075
6027
9107
434
-3120
4842
2179
-5458
-8917
-6492
-2578
7090
-4117
7294
-5801
9192
-3215
3914
-8051
-9462
-763
-9072
9310
-9980
8143
-8659
-5286
4561
-4259
1907
1703
3375
5521
792
5084
-2464
-1453
-2421
9643
4448
103
-8415
-6313
7587
8955
-1930
183
-1311
-9163
-928
-9829
3260
4902
3859
2126
-9296
4902
-5282
8209
2804
7042
-8143
601
6665
4337
2565
-9638
-8742
-7089
9553
-822
9619
1086
-2202
5235
5182
1127
1427
-1945
7442
9159
3275
-198
684
6300
-4380
-643
2560
-6487
-2158
-8432
-3844
813
-8899
-8323
3458
-3056
-564
7720
-5300
-7093
-6931
-880
6068
-4490
-5204
-7721
6683
-596
-8463
2197
6870
6836
-4682
4668
9970
2401
-5255
-812
-6599
-946
7100
9333
8926
8110
899
4954
-9362
-2272
3819
7354
-8228
8855
3722
-6608
7557
-4104
9732
-3634
-343
-2805
-2113
-18
-1639
-6368
-424
-8175
-4685
2323
-875
-4782
7568
809
-3684
-4229
729
6719
-2690
-3738
-7738
3811
8809
9360
-501
6748
2026
-6987
5238
-959
6551
-8381
-859
895
6264
-4152
-6807
9106
-6811
-5037
322
1081
-3250
6943
7677
-9746
3152
9421
6916
1604
886
-9237
5682
7404
-6516
-7415
-7083
8471
6034
2600
-4644
8919
5964
9233
7979
5019
-3412
9853
-5484
-6596
9380
-9792
-2659
850
-2289
4137
5746
-5473
-1718
-4060
-1764
-9938
8496
2554
1791
-9271
-6397
-7805
4766
8265
-9103
-8838
2452
-2575
9704
4339
-2540
1139
-571
7444
-299
7256
4595
-9489
-2168
8021
-8794
9796
2612
8723
-8120
3556
-7327
-5944
8697
-8366
432
-4572
9467
-4314
1009
-3070
2914
3252
8740
5782
4166
-9284
8929
-5668
2157
1866
-4920
3071
-2174
8150
-9538
4233
-6029
-2091
-4922
7505
7916
2055
-4559
-1840
9872
-6821
3678
7549
8821
-8729
3768
-4762
-3695
6144
-2042
111
-3622
-4077
-4714
4850
9170
-6411
388
201
-8963
9426
8877
-3647
-5540
2257
-2887
4948
-9478
-8047
-8485
2392
1292
-9652
-7880
1150
9403
-6119
4103
7283
-8479
-1041
-5800
9059
-9877
2195
-975
-5660
-6508
-967
-3828
-8725
-9402
4342
9343
-4123
-1738
-1276
-9642
1893
6384
-7016
-8375
-9306
-4318
-9535
2503
7368
8052
6327
-37
-7915
-8856
-4010
-1791
1625
-8134
9465
-3846
-330
2281
5761
4385
9119
-6540
6899
618
-9472
-2294
1802
7523
9829
-5149
9614
5409
-2969
1015
7844
1754
9648
-560
2452
3113
5044
4479
4723
-3915
-6203
5441
-2795
5554
-3224
-3846
9038
-5744
8126
-2113
-4056
-7830
7138
3210
-2666
-6389
-7561
2961
9602
-9368
-4538
3068
-4002
1328
-6992
4469
-6557
1957
2646
-852
-2648
-5704
-5015
6459
-6738
5081
-8849
78
-6076
-3400
1733
9794
-1935
-7749
-4068
3510
-4166
4994
6160
-8301
-7682
4546
-6511
8638
-5079
-3675
-8399
-5138
-9614
6029
1173
-6605
383
-5710
2127
-810
-1792
-7697
-3931
-3611
-889
7955
4038
-2008
-5694
6129
2109
3860
-3766
9422
6741
-1693
8383
-5415
-4324
-1026
1081
-4838
-1315
-2901
-2360
-2463
-4091
-3029
-4013
3279
-7063
5330
1738
-2967
4890
-5469
639
-5042
4605
-2383
-9754
5720
630
6688
-3210
8780
-1163
-8889
5249
-5897
-6722
9400
2257
-2676
-9472
6402
6665
-2564
1233
-1911
-7914
-4326
-2909
-8299
-487
-2311
-876
4162
-4669
866
6494
5893
3728
9514
-5844
8475
-8114
831
5315
528
-3368
6883
572
2558
879
7676
-4021
1688
8053
5842
5535
6595
-8240
564
7412
7435
-319
-4915
-8017
9362
6134
4212
8934
-3042
9014
-8908
6405
6859
6795
-3648
8987
9198
-6384
4856
2846
-230
-3554
-8278
-4761
-3981
-4671
3221
-5334
-5524
7957
7967
1779
9281
-8211
2283
-7281
-5274
-9910
9953
5447
3074
2749
1432
-4524
-7363
6845
3865
8944
3436
5509
-7930
-2250
7178
7616
-2817
4053
8364
-5391
-518
-8117
-1490
-5345
9051
8763
2796
-885
-5305
-1790
1903
-5130
5422
-1772
7045
-5386
2634
4731
5131
-5486
-5400
9360
-2827
-6958
-8170
458
-4514
-8691
8327
6174
6169
1955
-7557
1316
7279
8535
-6187
5448
3572
-1645
9343
-777
-1455
7475
-5837
-2144
1431
5424
5709
-809
-7245
8178
-2364
-6387
6176
3352
7740
-5709
2621
-1981
-4716
-4071
-4035
5522
4883
7943
8437
5178
-5845
-7559
8861
-7616
9159
-8420
-1814
-5698
-3500
-8520
-8049
-7037
-8332
6339
6916
6882
5736
-7501
4732
-7423
3249
-5417
2403
-8841
5865
870
789
-8705
-985
-9523
-3544
-3807
4712
7170
-1848
1433
-8760
634
-7412
6791
-2965
6010
-3121
2213
-3640
-7766
-9359
-6617
-648
9171
6896
9406
8657
-7978
-8757
7171
3425
7988
1671
-4269
5322
-4111
-2955
9376
6427
8780
7998
911
6445
-4886
5359
4386
5833
3704
4811
2159
155
3469
-9168
1743
-1514
6309
-6159
2558
-1147
5468
-9579
-4891
8428
-4684
-4002
-4460
220
-3292
-1458
-894
7050
-2789
-337
-2233
4509
7505
-4605
-2890
-4459
8118
9447
-8426
-9310
-3429
4098
5846
-2047
-1712
7141
6342
1003
-119
8383
-1543
8123
-3012
5586
6316
-6944
-3877
-7302
-2369
1969
-3272
1793
2260
6886
6605
3256
901
1314
-8099
-5066
5184
9656
409
5352
2925
-9834
9549
-750
-1915
600
3058
-3278
8161
2862
-4406
-7980
-999
3859
-5535
-712
-3451
8678
-7151
-2396
4438
-5786
3239
9711
456
-1357
-2138
3780
-1715
4622
2538
-6210
-3558
-5364
3672
-4901
-2477
9950
2989
2017
677
9021
195
-3536
9510
8242
-9511
-6290
6864
-4153
-9851
8294
7782
256
-5514
-567
3212
-5872
-3992
3424
3143
-3522
7825
9488
6070
2841
3630
-5923
-4987
5181
7313
5987
3962
4359
871
-2355
-2043
6092
4359
3243
-7699
-1895
6024
3051
-1566
6907
6008
-3417
-3390
9112
-8765
-3150
7442
-6387
8075
6113
-6698
-6631
-1324
9591
-7515
450
-4976
213
8813
-6958
9868
-5417
-3344
6822
8792
-8520
-680
-6215
770
8549
-4500
2837
-971
-7170
7383
-1988
-1623
1317
-3439
-7402
-8472
-1116
8046
-1736
-5077
-9349
1863
9688
2247
7841
8647
7335
-5401
-3379
-8467
-8071
-7961
-1552
4396
-2504
-9631
3994
313
6688
8695
397
-7421
-5016
6220
-8551
-9653
-9698
6529
7768
7883
2586
7709
6940
-6839
-2449
-7711
-1871
8142
1464
-4581
3998
-8635
2018
-2123
8781
81
-4583
-4803
5251
-44
5142
5689
987
3276
-7382
-5078
-9598
7257
6078
-9173
-3546
-2459
-9976
1383
-1584
7528
-6272
7793
1677
8475
6967
4605
5802
-23
5654
-3730
-1794
1527
8393
8177
-943
1729
3515
-5421
2971
-3346
7864
-7482
5502
1229
1861
4813
-2823
-7175
940
-1197
-6565
-1267
-8763
-1451
7985
-8883
1211
6859
-6183
8707
-8813
-4451
3898
1640
-4851
7571
-6425
-3044
5154
-3595
-9449
5374
-7409
-807
-1582
-414
-1300
7585
-7195
-8207
5765
1424
-9253
-3324
-6979
6530
-5064
-1286
2488
-4549
-8215
-5678
-3667
3724
-6313
-144
-9795
154
1471
-8835
5278
7974
-9442
2450
-4692
-6467
-4289
4799
9651
-7307
849
61
-9207
6809
7615
-5199
4122
-2252
2496
-9207
-4940
-238
8380
9757
-2039
-9358
1534
-1096
6652
8784
1368
1944
2875
7697
9953
4476
3932
6124
3595
-3359
-3718
1477
9380
4692
5857
-5570
-5723
3068
9186
606
307
-3869
4827
3840
8754
7882
8612
-3999
-3542
5829
7613
-3767
6416
-1837
4342
9198
-1372
-2519
2434
219
-29
-1302
-3164
7535
-2296
-1148
-1541
6997
-9243
-8333
-3888
4526
-7203
2176
1966
-1968
-3699
-1729
-4365
-6131
-9380
144
-8374
-6483
7479
4173
5864
9657
-6111
2895
7505
4930
3090
703
9457
-4080
-5296
-3270
-9367
-1230
6608
-9541
-2603
9803
3121
-6761
-6762
9152
-6274
5644
-6
2064
-1608
-8852
-1264
494
-8689
-2681
9786
-6894
-9930
1368
-2828
-65
2571
2422
-9688
5914
5735
-2938
6149
3930
2701
1462
-6798
-4979
-8161
-5267
-2895
-840
-7940
-1259
3263
-5443
-9370
-4617
-7967
-2570
6896
-5913
-3697
8658
-848
2013
5478
-6557
-5388
-6920
-3115
6415
-6935
-2862
8934
-1323
-3779
8738
-7008
-605
-3657
-1623
1957
-4056
-8328
-5891
3110
-9335
3126
2241
-6589
6644
-6296
8189
-4645
3458
6412
-3861
5883
2027
3600
-9365
-5095
-1449
6068
-4996
-5406
-2435
6545
-1820
-4203
-364
9057
-9439
-9180
4266
-8394
949
9254
2789
4446
6357
1360
6035
8282
-2314
-4710
5301
-8919
-2909
6838
-5421
-7082
-6179
-5156
7822
-2188
-9817
1341
-2923
826
6874
6615
-5266
7548
2026
8583
1332
5447
3508
-8049
-3193
-7837
8760
4917
-4612
-8382
8638
-6909
3572
-8047
-6897
-2475
-6473
9426
6862
-1362
-5496
4480
-8212
-8807
-8522
-4521
7804
-5417
-9324
5321
-2614
-4554
-9906
9460
8395
1573
-6072
2368
7298
5340
-4328
5644
-2965
6526
-6242
2260
7954
-7684
7555
8949
7215
1048
3063
-6410
-2946
-1904
-6987
-1820
-4512
2739
4214
-6305
-1703
-9168
1692
695
-5904
174
3401
-4810
-3861
4168
-6400
6307
1477
-7634
-898
796
-2511
-8837
-7059
7727
3693
6396
-565
-8146
5226
-736
-5976
-5684
6123
8657
3533
3964
9217
-7508
6461
1943
-5838
3845
-7666
9362
-1329
1103
8066
1860
7978
-8097
-7496
8545
-8314
-4634
2083
6894
-8613
-4525
8221
-1251
7613
-5545
-3207
-7260
-4942
4115
9721
-4458
9041
2055
-3264
6062
-3405
-6639
-6378
-6518
5523
6271
6314
910
-2049
5190
-9738
-4782
7839
1678
2050
-5565
4572
-6754
3078
9668
-2704
2084
-8953
-1111
3071
-2822
5626
-7138
1037
795
-1989
-6146
1987
7428
-4738
-3077
5553
-7717
-1899
6104
5615
442
3635
-9945
-23
-7726
7714
4025
4075
-6358
-9188
-3682
-9541
7947
-7232
4671
-121
6423
-5538
-9859
-2495
4251
4403
-1302
-1158
2111
7178
-5281
3508
-5532
-4085
6785
8270
-5033
3316
-3142
2823
2111
4262
1107
2056
-7012
-6315
-2953
-8485
9555
-5479
-8518
-9000
5702
4932
-672
2848
357
-6358
-7031
2493
-1391
6372
-2276
3700
-2824
1888
-4908
5620
-4452
-8000
268
5657
586
-849
-4215
-4620
9600
2255
7035
179
-3472
7669
6633
-2420
-2258
-2656
-3775
4851
8705
7342
-8911
-1602
6952
8565
9497
-7331
4364
4906
8246
-238
571
7588
-9897
972
-8767
2753
5218
-2830
-7858
567
3108
2570
3651
9780
-7949
-2509
2372
-640
-243
2325
-9021
5861
1196
-9638
7368
-3166
8838
4508
7306
8345
7691
8702
5412
3633
-5648
1197
-8963
-3510
2000
3397
-6171
-1843
6165
-7836
9724
-6351
-8742
9067
-8816
-7991
8766
3070
1820
9245
5213
-8000
7615
-9074
-261
-932
-5504
-4149
-4468
5260
3344
-9544
-2470
9701
-5416
6191
-7739
-8713
-3230
9613
6704
-9921
7331
-841
-3522
4373
5936
-8936
1147
-238
7947
6091
9065
124
-4646
-6542
-98
-6431
-4792
-4116
4341
1931
3489
714
-4069
8798
-1148
-3926
-3217
7927
9332
3479
4639
-8402
-6187
6766
-5152
-1776
9274
3445
-7608
-4202
4782
177
278
4112
-2542
-4534
-4859
-4572
-3030
-5335
2062
-141
-3377
3772
-7804
3288
997
105
7788
-9202
-5559
-9031
7619
5434
8080
2738
248
9381
8930
1490
9494
-8724
3780
3132
4907
-6305
7831
-6410
1804
-9034
-6090
59
-8933
1547
-3543
7895
9619
9060
8762
-7272
-324
4148
-6585
-7007
6529
1324
-9315
1013
-5075
4411
3771
1273
-7394
594
-8532
3283
6581
-4031
-6056
-4237
7627
-5051
-7751
-4455
-7638
-9319
-3647
-9389
-8919
-8255
-3091
3347
2232
5322
-1
-633
-7887
-3813
808
-542
-2888
-4680
-3587
-2251
7026
6654
-4872
-2055
2223
-4089
604
5603
-1645
-8656
-5823
4023
-8768
3077
2695
9137
-646
-2222
5372
-8791
7166
4296
-2194
-3697
4748
-6841
8118
-190
2753
-3292
4403
-5960
-4947
-6928
3988
-7428
3463
7424
1926
-4065
3923
-8452
-1948
9836
1821
9871
-4015
-6248
-181
-1920
4150
-2369
3780
6135
-7580
-7942
-1870
-1124
-7965
-2538
-3217
-7602
2282
9778
4772
9148
7129
-40
9234
8422
-8069
9109
5655
3985
-5187
-4892
5243
-6436
-4334
9675
-1073
1849
4445
7373
4218
-9798
8796
-7029
8589
5805
-9753
-441
-2720
6807
-6593
-2261
-5219
9939
5745
-7408
-2134
-7754
4581
1097
6179
-1833
-7808
229
-301
2723
-7852
5299
-2320
-9192
-6349
-7852
-8728
-2388
9532
-189
3199
-6421
6756
-7060
7837
-9731
4140
8585
-2107
-4195
8628
5275
-433
-4736
161
9727
8293
9165
-5004
707
3101
854
-412
9912
6940
5188
417
-5662
-1743
1310
-6948
1339
-9589
4341
4471
-3370
847
1333
-1077
-3402
692
7856
7214
5391
6315
-4116
-2409
2224
-385
881
561
-307
9052
-127
-7279
-5195
4221
2887
8949
5860
6145
9301
9828
-2665
-8581
9747
-3061
-1758
-4997
-8642
7948
-9210
7480
-4207
-3126
-322
1250
-2331
1718
9962
-5489
9618
-7858
4716
-5855
-4440
-7254
5876
-1388
2283
-5699
-6620
-2521
4412
-4510
-1557
9412
-7621
-2178
-8863
-7356
-2202
1787
-9252
2281
233
-1372
9237
-2379
-518
-7683
-5077
330
-7245
8987
-8566
3126
-7927
2483
-8535
2422
8140
-7184
908
5900
1814
6287
4079
-700
6472
4633
-3667
-6764
203
-8499
-5347
-9828
9119
-2887
9313
-1479
6878
-3863
2564
649
457
7350
-4661
-4803
-8371
6058
-3265
2866
-3297
-2912
787
-1047
1230
-8177
1057
-601
-8238
9353
7499
4612
-7334
-8767
4325
5392
8491
2237
-8270
5807
9504
-4693
-547
-5226
-9343
-7851
986
-1868
2328
9357
4869
-420
5210
3465
3797
-6667
-2874
-4535
-7591
8077
-2755
-1036
-1066
-9515
-5792
1013
6866
564
3796
-1266
-2258
1521
930
7599
-935
5747
5818
3346
-2169
-1346
-4826
-8375
1446
4830
-2053
-318
5641
-2440
-4836
855
-7082
3054
6035
-2386
-8781
8657
4409
-48
-952
8669
-3950
1403
-8713
8433
3005
4231
5691
905
2962
-148
-2332
-3988
-278
-2446
9313
-2712
4097
-4005
7048
4958
-9971
4512
-8303
5817
5649
-5411
-5563
-2327
-9191
7664
8139
5861
2680
2765
-6807
-8619
2389
5687
-3919
6549
4246
-1522
-1797
6961
-5869
-3371
9871
-8485
5754
5049
-2224
9669
6141
-5266
-6531
-4899
-9628
-6974
7192
2896
-7437
-6117
6342
375
2546
-8966
819
9303
9268
-6739
5441
4099
-2423
-6254
5777
377
-7221
-9992
-2074
5021
-2991
-2218
7091
7356
-5835
8496
9292
-3634
8817
3397
-1451
-4423
-3034
657
-4166
5548
-289
-2316
-6490
-9917
-3207
-9545
-6717
-5486
-5448
1644
171
9596
-6513
-7131
-5132
-1846
5089
-3223
-5498
647
-1391
-4921
558
8758
528
-9853
-8395
8442
5804
-234
-5204
-769
1294
-9263
-7182
6569
1879
-6963
304
-3790
-6379
6227
-2031
5495
3341
-3033
-9412
4664
284
1339
-861
2396
5751
9872
-3403
9681
1044
5125
-434
-5949
-8251
-3648
6222
-9528
-7532
8072
5943
-7238
-377
120
8620
-177
-2893
2818
-5364
2462
-2895
2665
-1266
-9985
-7458
-5
4486
5266
6333
-4325
944
2676
340
1851
-6375
-5798
-9816
-4276
9573
-5119
-5325
1630
-7539
-3969
-2324
-391
8813
7113
-3612
-1845
-6955
-5119
-5837
7751
-9129
-7797
1256
1385
-2342
1219
-402
7021
-1669
-9422
-2155
-2166
383
1512
-505
-8162
9696
-7936
-3108
-7614
9092
4683
9708
-5659
-9668
7767
1902
2540
4912
7801
2102
1473
1296
-8999
-2791
-7410
-6798
-7621
8219
-8613
1220
-6426
1280
9093
-6979
2364
8250
5854
-4969
-25
5171
-1870
1924
-5674
-44
7687
3460
3284
5931
-2804
-7891
-7745
-2494
-2328
2476
-6493
6254
-3891
-1516
-2303
8391
5863
-1036
-7734
-9105
7695
2294
6093
3589
7676
-9983
9913
2162
3012
4188
-7391
986
3985
9402
1786
-4522
88
-2047
7808
5444
-6595
8395
-3376
3296
4058
-2659
-2656
-4039
5555
4184
-3725
-4511
-6065
-2433
-2691
7920
7732
1139
5405
7232
-9705
-9247
6432
4309
1205
-1905
2239
3
-2076
-6932
7499
5462
-3561
7506
7400
7505
-480
-4296
-2971
4646
-2277
2407
5753
2993
-1263
-6178
-5886
-5469
-5249
4264
-5317
8462
-6310
7620
2860
-197
-2496
7732
3234
-3577
3065
-9096
9758
-5806
-9028
4890
4574
-770
-437
2045
-7265
4641
2596
4958
9617
-4470
4198
-9474
-296
6020
-4405
-7857
9804
-841
7216
6887
-9695
-5384
2772
-2349
4473
691
1085
-9413
-2093
-9298
-3414
-99
-5591
6016
6994
-292
-6691
-6499
-1642
-4174
1495
-3447
-3931
8751
8452
5805
3035
-9047
1103
-5398
-3901
-772
4175
-5200
-3874
333
7073
-4342
8649
6436
-7627
-8948
1423
6271
-2571
-3517
-1039
2672
2534
6741
8653
-9578
-3610
-7619
-3538
-9993
5084
3512
-7007
-8602
4546
-6547
6824
7191
964
-2060
8914
-1916
8582
-8843
7319
-567
2015
6691
8263
-1435
8268
-179
9428
-140
-4180
6717
9268
3641
-1425
5271
-1713
5220
418
3763
3724
4122
7948
9910
-4466
-9264
2047
8293
-6432
-4020
-5251
-7078
2901
3461
-1208
6997
5960
-2933
4410
5146
-1477
9067
-6074
5518
7220
3558
-7291
3261
4556
2690
3072
-4408
9049
-266
2904
7429
3391
8437
-6255
6379
-2895
2937
3364
4736
8977
-3942
180
1795
1489
4464
-323
480
5916
-1181
-2729
-4839
2599
8278
9239
6921
6864
2945
2882
3994
-9184
-8433
-8585
-4918
1302
8252
9521
4282
-6677
3611
962
879
6224
1705
1627
-3541
-1898
6858
7860
7473
1670
-6403
2562
7723
-5666
1236
-2443
6368
9274
-363
-5977
-3126
9256
-6119
3898
8119
3264
-6995
-181
5060
4064
-7477
-419
-479
8733
-7992
7290
-1515
1060
-7462
5623
7097
1273
-4730
1362
-1139
-488
9990
4229
4260
-3518
-2402
5777
-6632
-720
9699
155
-5240
3752
-8860
-216
6848
2012
6467
4417
93
9707
-3243
2734
7361
2202
-8326
-1
1103
9113
8710
-5520
1592
487
-8106
5821
-6877
-9945
-2306
8553
8861
-9939
-6915
-6739
8839
-8199
2054
9550
-1450
6558
9428
-8168
3131
114
-6069
6430
4933
-516
-8575
2441
-8296
-9413
-5532
611
8702
1801
-1550
-1795
6691
5996
9525
-7842
4036
-2053
7938
8988
-5665
-726
7620
-3842
-9503
5330
2406
1292
5163
-3910
4189
535
-8223
-7876
-5649
6502
554
6617
-4731
-8909
499
8895
-7160
7602
-9560
-8546
3442
6024
6005
4654
-1066
-4603
-6702
7977
-2867
-2151
4889
-7936
-8978
6108
6884
9261
2733
9213
-6573
-5314
-1672
5601
2009
9139
-1828
7717
5308
-6216
-451
-2449
-4111
2562
-2783
-9725
6563
-2995
-2016
7591
9866
542
400
2660
-9889
428
-8068
-5489
-598
7239
-9066
-22
4755
5313
-9457
-2873
6004
-2897
2751
9434
-3006
-3454
-8442
-1192
1938
3835
-8822
7979
9733
4352
6928
9619
6012
8208
7555
9437
8507
-1542
1482
-6544
7513
-8964
8012
4497
795
-1022
-610
-1523
5575
-1007
-8698
5490
-4903
4477
-7078
8519
-9660
-9970
1698
3568
-1610
-3706
1202
7439
-8200
-7726
1888
2126
-4370
-4777
2425
3112
950
3906
866
7821
3853
-9826
-1421
-8469
4939
-1438
253
7519
6466
-3825
-9795
9691
6791
8465
-7726
-6509
-8283
1478
-6669
6519
7372
-9815
3690
627
-9811
-5780
-9386
-361
-4799
5951
-4690
-453
-452
1263
1946
-172
686
-8924
-1101
7627
-4625
8148
-76
-9995
-110
4821
7693
3952
2963
9414
7072
-1824
-3117
8065
1307
-4272
-6112
-9064
8434
-8800
3006
-9821
7208
-1563
-4012
5823
-7178
-2364
2146
-4293
9187
-3483
-9663
-5125
3310
-7309
-3480
8671
5910
-8950
-7584
2963
726
8125
88
6933
187
9011
5505
-9740
31
-3674
1083
7500
-2153
-1410
3398
-2502
-8117
1393
6412
2741
6151
8803
-8010
-2236
-1890
1317
-5002
2826
8169
-8451
271
2747
-9908
-5853
8896
7431
-2662
-3611
3091
4295
1211
5784
9689
237
4997
1808
-9456
1651
-803
9614
2352
-3850
5388
5335
-8483
-6381
864
1794
2324
5333
-1499
3114
-9126
7601
-7653
4358
-9307
-3486
5820
-7594
-7098
3704
-2725
4386
6748
-9915
8047
5028
8686
-9854
1466
-3766
9897
4013
3354
-5138
-740
-9631
7407
9739
3887
7441
6537
-1442
7801
5859
-6531
-8505
1859
-1318
7373
-3473
-3030
1058
1719
5600
1962
-6054
-6229
4739
-213
5856
-9670
3373
-4163
8480
-8476
-9207
-4546
1480
-2290
-7041
7461
295
-5268
6946
9191
-3082
4765
-5426
-4087
-5108
-1139
-4701
1323
9019
1875
-1150
-7781
-711
-154
-8348
-4738
549
-7404
6702
-721
3149
-5604
9276
3942
3425
4537
7894
-7247
-59
6638
9648
-6162
929
2590
6925
6961
4550
3434
-7056
8709
-5414
-5987
4758
-8094
-3980
-8754
-3367
-5058
6658
5157
-5158
6285
-8242
-8888
2527
719
7855
-1286
-1969
-9271
-1400
-1796
-9482
-9933
5947
-2021
2799
-2586
2512
5926
-1029
-88
-2287
-1580
7174
7816
-8121
1441
5592
-3356
-3926
6439
-1958
-4711
-744
9724
2484
8374
-5552
4076
-100
-3956
3196
-4257
4561
9705
5038
7755
-537
2257
-3377
-3078
-2085
2221
-5967
-2645
-8610
-4401
-3248
8686
7259
3591
-6083
3521
7206
6949
9205
1517
1573
9972
-327
-8583
4217
3793
3908
-5963
-6613
7018
1192
9473
-2797
-3778
-2641
2257
6073
-8787
-193
-5344
9874
1321
6483
-1210
-7944
-7020
-1829
-9623
613
-6339
-9625
3934
2058
-1411
-4249
-8925
-1569
3630
3133
9322
-9468
-4879
8521
6240
9481
3268
-6414
2429
309
-8423
7282
5182
3023
-9755
-6155
-9297
2441
4461
8516
-8833
2150
1534
-3604
-9428
887
8752
5349
-1612
7407
-8186
-4538
-5223
8873
6913
-14
-279
-7016
-105
4363
5388
-3319
-8122
-739
-5194
-3844
-6990
8062
-7335
-6063
-7650
3566
4727
5901
-2126
-800
975
-2805
413
-981
-8247
-2835
-7119
7482
3179
567
1599
-9252
-5422
-2038
2435
5203
-3404
7942
-2943
8038
3910
-2129
-7628
-366
-5551
-1276
-150
-7711
-7541
8625
-2644
-2282
-6855
3976
-2343
9980
-4550
-2995
-5072
-6154
-1703
-1485
2083
-8869
-8793
1674
8708
3841
-9148
-3952
4890
-6018
6241
2822
8470
554
-206
-8676
-9448
-7552
4343
-2071
3679
7814
-5097
2873
7022
-4083
-531
-8611
3155
2003
-5384
-693
-9042
-7336
-3187
9167
-6631
-2580
9295
8438
-8945
6677
-6182
4962
-2474
7247
1892
6110
2814
9512
107
-1878
-8707
-4431
-4819
-3906
-6552
630
-3324
-4264
-6822
-3349
3542
7265
-7139
2510
-2890
3087
-5543
-2669
1455
-1456
4590
285
-8725
-3634
6892
3211
5082
-6826
-8004
-4197
5463
-2591
3591
798
3029
-6968
-358
-4695
-2086
-2859
-7823
-1412
-2523
-8358
5716
-2373
1977
-6812
-5898
-2529
9276
-4004
3882
6139
-6284
-5702
7051
-5649
-83
2272
-142
-1226
9200
8495
-7898
1298
-7572
7377
2092
3284
2271
2919
-8470
7924
2255
-8852
-5973
-3368
-7544
-6683
4274
9719
-5687
6624
-657
-2942
-9130
-18
1757
-3149
-7988
-2066
9429
-5989
9629
7709
352
1908
3794
-8386
-1893
-1908
4641
-5653
-7044
-165
-1654
35
-918
-5394
-8311
7734
563
5974
-9066
1430
-1035
7824
378
5538
178
-1384
5886
6255
-1117
-1533
-3342
1229
1899
5110
2496
728
-4288
-9281
-4329
3128
-1749
276
-5884
-4887
5887
-6136
1978
-2384
-7457
5666
359
5311
8325
-5166
4357
-7318
-3361
-6784
7578
2707
1419
5512
-1301
5959
7938
2141
8907
3947
603
-1695
-5143
67
4472
2146
-6366
7530