8523
-6806
4829
-735
8154
9347
5780
7608
-5422
8922
-5443
5013
-8337
-7428
-5
-4042
7280
-2943
-3850
-6474
4378
5878
5340
-353
-9534
1323
864
5691
4792
-570
8526
3000
946
-8945
-8250
8659
-8375
-3660
-3315
-3321
4662
-952
942
-1588
-4090
9258
-6393
-7098
-7608
608
2561
4391
-1226
3643
6547
3438
-7828
9121
3700
2708
-4464
-4010
-8862
-6834
6972
-8463
-7338
926
-7289
-2246
7424
-3047
3074
-8992
9075
-8622
-3037
5508
-4928
9946
5235
-1626
3400
7354
-3233
-8491
9666
-3047
8281
1285
1396
-5197
5137
6990
-1101
881
-1362
401
3533
-3972
-6631
-9238
-6488
-9682
-7428
6468
-1987
1365
5137
9585
-3222
6760
-3071
-253
-4406
7799
9513
-7444
-4890
3044
-6635
2921
9142
3222
-7698
-872
-2047
9891
-8005
8716
-2627
5663
3943
-493
-3435
-3854
4960
366
8971
8657
-707
-3192
4236
3570
4226
1832
9270
-3008
-484
-7842
-9303
2921
800
-3694
-5362
-6562
-6203
-8299
3124
5958
-4503
-1533
941
4140
-9188
7605
-3085
8209
2462
-2486
3826
-989
-7325
535
3780
8326
6670
987
-713
-8605
4089
-4272
-1995
-1970
-3481
-679
6323
6199
4938
8132
-8658
9133
6399
9964
1358
-9837
-4465
785
-8944
-9473
9273
45
4684
-4953
6802
-6423
-8148
18
-571
9277
8905
-616
-7904
1211
-1853
9456
-437
-6788
6295
-1961
-5105
416
-9683
7537
6256
-2482
7048
-4319
-4455
2790
7764
9677
-7657
4213
3618
-3092
-2031
1664
716
-1541
-3374
994
-1290
-6344
5707
-4026
1573
6638
1009
3914
-700
3526
-5688
-5417
-2166
-7512
-8528
-4670
-6694
7071
2635
8078
9524
-9313
-4654
-333
2863
6005
-4726
-9722
-9588
223
2743
817
-3404
-3290
6353
-9103
-7769
5147
-4828
-8147
1984
-7760
-1166
6302
6614
9079
3420
-8428
9378
4227
-8884
9845
-4468
-9230
6273
5650
7013
-9260
8148
-9549
-2273
-9929
7477
-4322
-5564
9470
-3844
251
-7716
5765
-9848
5539
-7084
-2075
-4659
-8870
-3565
5974
6045
7063
8027
-9706
-1842
522
9594
-8114
-5469
4371
7464
-4329
-3505
-5939
7429
945
5069
718
-8320
4783
3288
-2034
-7595
4
-5924
8006
-6688
-3883
2251
-620
-1889
8455
1091
8505
3112
7718
-5630
2702
16
2156
9482
9771
6855
6518
354
5269
8525
-467
3359
-7697
-8777
6724
-6131
-9570
-6113
-3073
4496
-4329
8327
-921
8749
-8506
1526
2476
6557
1109
-2044
8862
3621
-2150
1660
8092
-805
8970
3352
-4733
-4346
9431
-3277
7533
-5520
7438
-9141
-8037
741
-7600
-2263
1816
9721
2913
-3124
-5284
6049
-6064
8090
-6264
-9799
7661
-9217
2773
-6201
-6591
-26
7097
1087
-8686
4552
-1306
4382
9029
-9608
-2150
-4112
-8684
1991
4382
2952
-1589
-9665
8499
4696
7006
5746
5984
9704
5638
-5269
-8535
-1518
-4542
147
-2070
5906
-6917
-3216
-8774
-6161
9570
-7027
6835
3290
5665
4417
-639
-5468
-8006
-8514
4967
2287
-6522
-2046
-4751
-3134
403
-8714
8721
-5514
-8155
-471
303
-5243
-3793
2524
4977
4715
4743
8557
-2418
-3508
9832
-2303
-2270
-7394
-8300
-1258
-2594
1381
1011
-216
5292
6597
-3844
-3716
-6209
-5332
-7099
-6646
-6479
-1062
3654
-3021
6313
4127
-6043
-3282
5581
4176
-1243
6501
-5270
-7795
9054
-2615
-8860
4620
-3092
8049
3031
-2419
-9830
6083
-8865
4841
3355
5147
671
9796
9649
-8489
-3643
-2929
-5821
-7108
1424
1733
8000
-5627
6870
-4632
7780
8128
5537
5876
5204
-3675
-3134
5099
-412
-4202
-2415
8419
6051
-9906
1974
7841
9536
9159
-9107
8061
-4094
-2008
-8199
20
3874
2170
-1521
-5030
4718
4499
8041
-5578
5445
-1895
8271
-5172
7288
-5144
-2473
6590
-3214
-5112
2397
-5825
7294
6950
-6511
-6648
4020
5425
-2086
476
-2261
3505
9496
-5088
5419
-855
-1670
-71
-5418
1704
-3514
9169
-9165
2624
367
-1972
599
8416
8935
-7868
-6777
-6709
3345
-779
6505
5566
-7655
4584
-4830
645
1329
8437
-4024
6236
6384
3306
-8664
2963
-4793
-4344
-1814
-8894
-8555
-5793
4715
6276
-2523
-4304
-5940
1055
-9204
-4974
-8170
-9792
954
4308
3469
-3884
7295
-7706
-9311
9926
4892
1457
2381
9099
-4079
-5995
4645
2664
686
1518
708
2758
-9335
1536
6746
-1353
-3631
6973
6992
2867
-3872
-4370
693
9855
294
-8674
-239
-3124
-1399
9579
-5479
5161
9834
5812
-4722
5892
8761
-6175
-2740
-8413
-9861
1659
-5371
-8573
7515
7316
8160
-2397
-3128
-1324
-3796
-9537
4509
3005
2807
3706
-3685
-9915
8037
3488
-5083
-4976
6281
5532
-7864
8273
-6581
-2298
9183
-7449
-3188
-6842
2019
-5066
2098
-6697
-8967
9694
509
-6497
2010
7597
-2201
7476
6436
5935
7498
9893
-9
3571
-4110
2402
2106
988
2613
-3182
7872
6081
7210
-9135
-4593
8540
-9094
-3206
-9825
2312
-6517
-6858
1653
-6512
-651
2075
2955
-8994
9524
-7266
7064
-5689
457
2671
-1066
-124
6038
7325
5895
-6361
1674
5096
-681
909
-7718
1616
3293
167
-7914
-3665
2393
-2386
3514
-4694
500
-8176
9014
-5268
281
-8407
7738
2909
8711
2203
-6383
9184
-814
-4187
-1898
2969
-4821
-1816
3600
879
-236
-6863
-6168
1477
-8161
-6352
-6922
3621
-6824
6897
-7092
-1509
-5951
-1096
-6416
3641
1188
-5618
-7098
4912
4549
5252
3324
-8224
-2611
-3015
-5288
1117
6538
1638
9946
1045
-8131
4691
-7038
9310
1719
-5812
-5007
-9011
-3455
4581
2832
-6322
-1598
-6041
-5951
-6542
-3105
3371
9566
-5714
9923
48
2844
9274
-5228
-5123
2235
-7716
-4627
6956
7956
-4234
-1497
4304
3941
7741
-7428
2795
-5224
-7977
-330
-6954
4406
7619
6469
6346
-8749
-8440
159
-3839
3030
2663
-210
7981
3975
9653
-2073
-8917
6631
-723
-999
-524
4639
3149
-9815
-904
-2504
9777
3722
-283
-9609
-3425
-8473
-8685
-8605
-4304
-8243
8474
-9278
7984
3491
8764
-5780
-729
-6098
-8453
4430
-7687
7169
-1488
9989
1740
-4704
5799
-4690
10
1831
-8444
8229
-542
6189
1071
-7467
-42
5682
-5235
1274
685
6066
-619
-2322
-9566
-3537
4651
-6316
3723
-7678
-5984
-3021
-2083
-1299
7988
-3138
7019
-1845
-1794
2176
2453
6796
-3845
-8072
-3092
4209
-9187
-8078
2360
3359
4654
5116
510
-3527
4366
-7672
-9268
-5523
9869
-9331
931
4158
-307
-5635
8670
6609
7110
-5164
-5633
6255
5303
-9446
3990
382
-9232
-3696
4052
-2608
-6606
-4759
2279
-3985
4248
-2847
5068
1957
7567
-3001
5718
2059
-5030
-9190
2567
-997
3845
-9572
5965
-929
-3761
4012
3924
1586
-6134
-3533
3560
4046
8481
6741
1208
-4131
-6606
-4776
-8254
6888
4231
-8836
6756
-8234
7048
-6788
1733
-1281
-6902
4585
1171
6689
-8014
-5490
8128
5517
-548
-8710
757
-68
-5958
-128
-8324
-4974
-7406
8600
7006
4348
-7132
3437
7264
-3620
-5741
-2332
-4480
8912
-7799
-639
3232
7379
2983
-7806
9004
3121
8558
468
-1114
-5635
252
-9347
-4312
4735
5273
-4239
7612
-5321
-9223
7333
-6467
9995
2816
-8038
802
4763
-785
6897
310
4536
-8879
3145
8530
5222
-6461
9908
-1136
5741
-7704
-6363
6414
-7485
2424
2733
9799
9908
-8654
2741
-4586
-5009
-5013
408
6814
-5295
9415
1338
-5509
3562
-8816
2529
6826
-9346
-6754
9386
3263
2675
3242
3292
4474
-9834
9817
1160
6479
-2977
-3185
-8341
-395
-9418
-9485
-1683
3613
8623
-4749
3159
7993
1873
-5655
7061
-8079
7083
1305
1750
3855
3917
-9622
-2991
1161
4398
-7526
3797
4803
-9389
-7717
6639
-3992
3315
-1651
-359
4879
-6840
8120
6201
6537
9216
8965
-1249
-1124
-5760
-7700
457
-2548
7814
7298
9793
3724
-1552
-8868
-8378
-7870
-7796
-3346
1962
7405
-8303
463
-1955
-3911
5128
-2257
-7870
-3070
6336
-8359
7484
-4474
7423
1145
649
9818
6423
-9610
-7602
-5873
3175
4065
4520
5872
4063
-7184
8086
2048
8047
-9700
-4806
5570
-7247
5268
-4786
-7177
-6393
-3011
-9551
-6700
7816
-8612
-3565
-3935
9354
4271
7488
-6518
-9590
-1834
-6698
-782
-5327
8630
963
-8572
-8298
5019
-52
7914
6252
3749
-2159
-1507
2255
5263
556
-2050
2715
-1473
7323
-2257
-5906
4165
-4364
2797
-8285
-1692
-8692
8387
-1060
1998
-2745
8156
5291
-6513
-1259
-1125
6168
-8719
-1604
3153
-5918
-7149
-8682
6427
9848
4394
5782
4752
-9056
-1722
-298
-2777
-1360
8079
-1232
8579
-3708
-4332
3280
-5022
9029
-1858
5381
2436
-7950
-2756
6484
7901
7008
5699
-2153
3286
-7761
-9122
9160
-9416
-8390
-101
-146
5609
-3352
6001
-1229
-3596
285
-2424
-6257
1115
-6089
5139
-4187
-6973
3441
2735
-2519
3781
5776
9319
-8450
7311
-2753
-4545
1014
2134
1688
2614
4962
-9054
1741
795
-1595
-8069
4837
2488
7753
-9855
-1519
-7839
7718
-8521
-6395
-1259
1963
-6064
6784
-7947
4054
411
-2574
-2103
1926
-2209
9539
1156
-9096
-9308
8542
484
6250
-4695
75
-2056
-4694
4037
9086
4302
-3244
-166
-6466
9635
-5759
-2246
4583
2261
-5667
7819
7649
4858
3527
-5013
-5870
-4882
-2319
-1955
-9972
-652
9381
387
9097
7098
-7025
-5497
-2038
8037
-8443
820
-5325
825
8907
-3901
-6162
-3761
-9072
-2803
6414
-3409
9895
5099
9314
4633
5831
-6579
3866
-7675
4996
207
1126
5819
-6623
-87
-2088
-124
-7081
-8674
-9131
-6539
3064
-4192
8822
-6827
490
-8608
-9750
-3149
2345
-3762
59
8459
9119
-8843
-2837
5598
-2717
5014
9869
7668
2461
753
-20
3134
1613
-9868
-3253
7542
-9928
-5849
-4700
4924
-6967
6238
1030
3103
9336
-7196
-6158
9398
6256
4738
9032
6313
-1224
-6040
1238
7226
994
7765
9905
-8754
729
-2879
-6380
4529
2472
6831
4518
2530
7765
-8594
-3538
6953
5455
-1154
-762
8222
4769
3481
-1093
-3583
-8471
-2703
5167
3244
4147
-2941
4593
-9065
1786
-5254
129
-2241
-3689
9620
-9463
8489
-6684
-5146
-2863
-9871
-7035
5843
-6883
1920
2670
-5494
181
-2424
9200
4516
4625
8521
3221
7272
6776
7374
-1289
2635
-623
612
-7884
2284
9651
3393
9476
-6242
3601
8726
9610
6996
1893
7166
757
9970
8525
9067
5376
2147
-7544
-585
-6193
-7662
2943
8762
7744
3106
-7314
-991
3871
3988
2057
2129
4815
-8000
9896
-2311
-4488
-9332
-95
4054
6787
-3274
9199
9802
4780
-666
4169
2508
6031
-4848
3414
-3578
2842
-9798
5521
-6410
9138
8849
7382
-3151
346
-6029
-1468
-9747
-5035
9981
6851
7608
-9177
-5982
4539
9679
6462
-5395
-3976
-5250
-544
-3457
6841
8658
-8894
-4112
4084
9859
-9228
-7373
-9951
-5954
6251
4525
-1818
-5063
5164
-5306
-41
6124
5763
-1950
-7671
-5689
492
6086
-8136
4294
5215
7082
-4480
-7563
4453
937
2058
3652
-7599
6395
8669
7221
-9026
7809
9095
9779
-9945
4926
-9476
3530
-7478
6594
1388
-9039
1700
6238
-5611
-7673
9259
228
-9903
-6943
-6428
189
-9565
-2199
-1586
1547
1684
-3158
1660
-3655
-5594
8143
8939
1648
-3680
1631
2655
-9890
-6657
-4365
-4766
-4361
-2237
7712
-2173
6840
6408
7963
-8479
-1
-252
-8145
2737
6393
7059
832
-1261
-8582
-651
655
552
-8329
-7092
3102
2234
4491
-1422
-5747
-3737
-2307
313
-5230
-948
1244
6322
-9022
3334
-5245
5958
-5840
-8978
8092
152
7315
8240
5585
-3576
-1996
1576
-254
-7018
2225
-7289
5061
4715
1133
1907
1621
6313
-2647
3577
543
-2756
-6628
-4879
-3855
8962
2600
-8553
5255
-4796
-2703
7873
2959
-1695
-371
9543
-4644
-2728
-5647
-9905
7857
3551
-5260
-6934
-9204
6105
221
1256
5265
1592
-3727
6163
-662
-7596
5682
-414
8437
-6108
4406
8108
6254
-7364
6857
8785
543
1268
7242
-2662
-7748
5330
4065
-715
4007
225
7848
1477
-2490
-4133
-4979
-500
3375
5375
5993
-4339
-4783
-910
616
3403
-3750
-2691
-7322
1610
3312
8738
4392
-5070
941
-2725
-978
6241
7834
-7503
6219
-811
-854
2077
-6280
-3969
4535
5308
-7587
-2177
-1275
-6968
310
-7176
818
-4262
-6801
-2323
2118
-6873
-946
-1790
-8864
-2634
-2756
-5639
1961
114
-8921
-603
-6653
5807
3606
3335
-3450
-3695
-1206
-742
-8299
2721
-2890
716
4330
-95
2225
1947
-3254
5497
-3027
-8533
-4370
-4590
2820
8958
9367
5167
-1749
-9537
-4952
3092
5133
1854
-1846
5659
-3243
3524
-7583
4588
5683
6993
-8566
-6549
-8046
6363
6981
5738
-6761
-2727
-1903
6546
6111
6431
-7695
-7180
2332
-2916
6243
1169
-133
3563
-3746
322
4826
-2268
2754
-658
5994
-9986
3590
-1925
-1091
-7749
-4948
-95
-2440
-7151
-2152
-3886
652
-7047
7337
-5975
-6011
8850
-8703
5514
-5930
2866
-1347
9671
5351
3133
-9915
-2353
-4580
8630
-4853
-2643
-5580
465
8562
-8641
1780
3738
1366
4261
-5481
1525
-8102
-7194
9264
-2741
-1429
5498
1971
1637
5192
7871
646
-1291
7441
5206
4443
-1441
-3245
5967
-147
-5832
-6705
1012
-5820
-9374
75
8395
6295
-826
9159
3645
6767
-7891
5268
3988
6361
5925
-1177
6631
-501
-5797
9111
-4474
940
3158
-6558
3200
5186
841
-5237
1111
-4601
-2208
850
324
-374
4344
-423
1637
-127
-22
-5675
-6768
1336
2326
-5030
-3154
8772
2990
9518
5471
3565
-3516
8755
9114
-7481
-6288
6500
1966
-9462
5539
3199
-3044
-602
5093
-610
4991
-9361
7316
-5806
1592
-5428
6993
-3241
-1730
-8648
9483
5274
-6452
-3561
-9959
-4795
-1672
-1065
8003
-2465
-5722
-5410
-6978
1929
425
-1201
-4836
-9118
-8734
-9765
5516
-9837
2108
558
-1230
1643
-1870
-5169
-5951
-324
-938
-2517
-9334
4888
3202
2120
420
9430
784
-8591
4131
2081
-5822
-64
6815
9799
-9815
-2438
-5241
5032
-2590
846
6485
-1103
-8632
-4458
-6340
1424
9092
7167
9051
-9125
1010
-5899
-1439
1703
-3230
5944
-404
-5547
4719
-7117
9275
-7872
8194
4524
-9419
2300
6291
181
-4698
-4613
-9196
-3451
1023
-2882
5150
-3257
9452
-7280
2148
-5546
5233
463
2007
-2570
-4866
3130
6686
-3057
-5910
-7026
-9383
-2534
-4905
2595
6000
-4828
993
-6153
7678
38
7310
2903
-748
-1504
961
9516
-1718
-4430
7584
-5846
9044
4741
5163
3672
-2607
-7960
9406
-1199
721
-5524
-5043
9153
3765
6009
-5913
8506
-1157
4341
5761
3098
3409
-1700
-3273
3229
-4446
-3998
-2564
232
-5637
-1815
-6031
1382
-9409
-3206
8810
9128
-9811
-8686
-952
-905
7323
-1545
-347
-248
6307
2540
-3333
5992
-4967
-9244
3253
8111
-651
-9799
460
-3556
-6804
-6884
-1463
-6706
2828
-1956
-9436
-9157
-1888
-8212
8110
9990
-3024
7934
-1387
275
3508
9367
7633
3421
-5327
-4413
6292
-5165
8713
-356
-8251
7686
-7189
-4782
6265
9228
4825
-4809
-2032
-5379
8333
1493
8789
-7757
5046
-8154
-2574
-8351
3436
-8738
-6615
4473
-3852
5788
-7441
-5109
-4871
-7967
-5950
-7581
-9302
868
-8431
5614
-5216
7700
3030
2513
2346
-4629
2919
-7445
3157
-8218
-6291
-6996
-235
-9102
8787
3872
9633
2644
8338
822
-52
-2742
3766
2487
-4548
-1835
5662
2429
901
148
-7022
-367
596
9404
5461
511
357
-37
-4920
-4665
7575
-6608
468
-369
-6607
1327
4566
1962
-2521
-2921
2296
680
-2054
767
-1336
696
-3846
4767
-9867
-3265
2259
9617
-4853
901
-8882
-4718
-202
1634
7199
-3081
-9574
6420
853
7247
8135
-111
-5287
2943
1701
-3230
-1680
8400
6236
7403
3887
6586
-5652
-9696
-5231
3479
3589
-2337
9854
6664
3695
-6315
-6610
-5680
-2225
761
-6289
1594
4432
-5852
4513
8085
7317
5533
-3224
-5386
5078
5371
-1004
-5698
-4869
-2227
4987
-3078
7572
3921
9676
-2324
4261
-9731
4140
7368
4452
-9855
8190
-2640
9227
3970
3549
-118
-8690
799
-5123
-1818
6813
-5211
-3914
-828
-737
-897
8032
9924
-1280
551
8780
-4745
-7892
1718
-2385
5223
-8669
-5032
5194
-7356
2222
9006
-418
-378
-1814
9376
1100
1297
-5041
4620
-1943
5197
-646
8365
635
-5158
8643
4785
-1348
5627
9386
-5004
-4444
-3716
-1127
-7736
8895
2309
9530
6056
-4640
8128
324
6280
-2967
-2568
3308
-2668
-27
8663
9805
7337
-8151
-5354
-5475
-3659
8161
-2971
6465
450
-9928
9751
4051
7851
6311
7794
4140
-9217
-2311
1800
8524
9450
9165
-6396
-3976
-4195
-4618
5515
-3968
4633
-9604
-1996
3755
-1281
9409
-9866
1147
-4924
8614
-3947
-2577
7335
698
8747
-9301
-9423
6826
9862
-1127
-150
-4772
4868
-7459
3487
7859
9102
-9220
3671
-7546
9765
-4485
3218
-6130
4714
5197
-8560
-3989
2962
-8389
-1529
-9393
8693
5262
2569
5099
-8023
7133
8249
5025
8427
1398
3787
-6376
6229
9536
9502
-7005
1022
4263
-5206
-3944
-3681
-8263
-82
-6347
-7366
5674
-1984
-9583
9399
-149
3961
-9502
5774
6681
9614
-3931
3031
348
-2516
-2258
-293
1728
9406
1528
-7016
1266
739
-9984
-1554
-5385
9069
-1728
6804
5358
-7511
-7630
-5102
375
-4767
2136
-6577
3184
-6258
-970
4899
108
-9322
8898
-8373
-7048
-5193
-5921
2021
7779
4197
4071
-8576
1729
-5089
8103
-6020
2906
4654
3298
-7933
3605
-7251
7129
-1300
-8865
6018
1177
-7721
5764
8945
8833
-445
-927
-3652
390
-4710
-9264
-4974
5091
-3060
1026
2070
1939
-7082
-2027
5803
4417
-1820
-3470
8677
-1990
-4118
7739
853
-3318
755
3621
8295
-1346
-7972
5469
348
-8934
6061
-4430
7294
3609
4294
4161
-5799
-7332
4381
-3950
1236
6924
1261
2398
-9843
851
1953
6846
8960
-6050
5151
-2147
7730
5801
7967
-539
-7844
-6896
980
6752
8383
3534
3057
9825
-8988
7830
-5456
115
4314
-7551
-4822
7710
185
-4678
-2638
-5650
-8141
-6302
904
907
4005
7003
1633
-4576
9847
7689
-2844
4702
8785
8639
-1208
-3609
-7462
7807
-860
-7557
-6543
-7598
6531
-2111
-1039
-9918
628
-6596
-7085
8405
7017
-962
2917
6679
-5233
7019
6520
-6325
5332
-8330
-2434
-3520
1498
-5180
-5339
-3110
9619
3587
7713
-1941
7060
632
-1543
2734
1947
-1415
3893
-5643
3939
-6805
222
1234
2443
-3246
-2882
6015
-8681
6919
-856
-1816
834
-1619
3378
2714
-8066
3121
-9987
1001
-635
-1141
-559
1693
-9016
-3288
-1786
8568
1888
5832
-2434
-2006
-4805
-5158
-4782
6345
-7141
5901
3845
-7920
9660
-5198
-6139
-4348
-960
130
2279
-5662
-9297
9339
2819
6101
-531
-6980
-6827
-4303
9342
5877
-8941
-9392
673
-8427
-906
-9310
-9154
-4083
-7697
7968
7436
5757
-4083
1728
3420
-1515
-4944
2273
7119
3573
59
9795
-4022
-15
-1987
296
7161
2849
8806
8845
-797
8944
1394
2519
4529
-9920
3370
-936
4517
-330
6500
-9541
-3253
8674
8440
-396
-7537
-7290
-7295
-2365
-1416
-4929
-9407
-4843
5215
9916
-8205
-6704
1477
-7892
9762
-2037
-2478
9632
-8544
4894
8602
-7508
951
4938
-5175
-1658
-6589
-5160
-8397
-8145
8921
4388
3722
5811
-7930
3317
7767
-8250
-7109
-841
-7224
8047
9501
-6524
-7514
-5936
6020
-9263
754
7240
3493
7221
-3379
4342
6710
3395
4154
5963
-1915
-5609
1989
-780
1202
9041
-9809
-8161
5493
2871
-8407
3139
3443
-326
2196
-55
4069
-9391
8291
9033
-4573
8144
-4664
-2418
-3496
-5938
-1295
9055
-1305
-5565
-2359
4869
-3074
3778
6110
-6090
9553
-9058
2950
1979
-4416
-2311
4549
2284
-929
24
-2255
-5246
-7305
-7108
3534
-6126
9547
6064
-406
4608
-7552
3145
4859
5705
-3507
-8525
-2341
-3972
7445
3484
6829
-6325
-2955
3642
-4355
-4004
-9140
4469
-7378
9810
-343
-9081
-952
9059
5281
8149
-5339
4752
4787
6720
-7477
-5030
6773
-1865
-5135
-671
2923
-3040
-7608
1432
-8419
9917
-3158
-2424
5765
1968
-79
-756
4615
-6755
-894
5128
-5093
6718
5244
4065
-8764
2963
-3450
264
3349
-5113
3460
2748
-4882
-476
-2473
4077
9138
1699
-4430
3860
463
7077
2057
1131
-9039
-6526
8620
-4655
-7502
-4275
6652
2367
6305
-2064
-8869
-5281
-6971
-9334
-1559
7307
7135
-3300
-1703
-4844
1689
-5885
3614
938
7153
-1406
4793
-1099
7722
4060
-9644
888
9264
5020
-6575
-2674
-2210
118
2618
-3122
3899
-5177
-8243
3254
7995
2578
6766
5915
6094
1332
4769
-5591
-3124
-3403
1957
7558
9498
8194
-7919
1518
-8240
628
3082
-9284
3821
-1506
-7061
-7274
-8240
2019
-3004
8888
-2851
9440
-2210
-4011
8150
1750
-631
9387
7911
-9396
-297
896
4169
2661
-2742
-5602
4164
-6835
3449
-8383
-8362
2753
8968
-6116
-6316
7078
-6625
-1934
6199
-7066
5489
9164
3378
-5531
1855
-4334
-7059
3375
-6718
-5191
15
5461
1050
9590
6854
-6675
9240
1260
4030
-891
9892
-832
-3740
-7975
2970
-6258
914
8381
-5574
3675
3572
4579
-5003
-5641
4284
676
-4701
6642
-7950
-4216
-7820
-2554
-2966
-9874
-5169
-2819
7022
-6266
9173
-5906
4701
-551
6688
1162
-3433
8214
6478
-8404
-3802
6883
4697
-5952
-5268
-3002
-9846
3631
-471
-6457
-3921
1111
-747
-8926
-2154
-8077
3284
8441
4665
-9240
-1960
3342
-403
-3022
9206
5425
-1837
-9914
5786
-7588
4739
8328
-8250
8339
7575
-2587
5169
9176
706
-5608
-9424
687
8103
-4209
-7635
1730
8032
-5858
-5392
542
3149
-1556
-887
-6700
-9963
182
4160
-1362
-9874
-4139
-2187
9932
3035
-7955
7332
-926
1135
3896
8233
6586
1578
7994
3978
-8557
-1167
7596
-2786
-1602
95
-2942
-728
-6469
5355
5222
-861
2544
712
8984
-5258
-2250
-1158
-3744
-9077
8684
8751
7523
8053
3129
-7203
-3046
-7126
-1722
-728
6838
1555
-9444
-3211
-8009
-8185
-1252
8742
3193
-5746
7260
8619
719
-4108
8410
7899
6489
3459
-2901
7249
2376
7056
8645
-2948
-5784
-6503
-710
8159
-8379
3980
1332
-534
9074
-5264
-5594
-2494
2792
8745
-9400
-7028
7971
2758
2348
-4066
8765
240
-5865
-3877
-9422
5998
1661
-8823
-7703
4247
-7219
9366
4489
-8534
-3920
-8283
-6002
-4902
9786
-8577
5609
1974
7461
-4075
9127
-5627
5220
-5158
1834
202
-1717
-1277
-9316
474
4259
-2323
7001
8558
-8482
3160
-1093
-7406
9398
485
-3023
-5592
38
7318
5540
-6080
1329
8107
-5461
-9756
-1191
-4562
2993
-3832
-2914
-5227
8646
-7555
6571
1005
1461
4892
-5620
-7876
-2703
-5936
7906
429
-8741
-809
618
3626
1925
-7758
3969
8722
-8325
9461
-3071
-2577
-3590
-2075
-6716
-3298
4666
-9524
-753
-1483
2274
4623
-9330
-2889
3671
9664
2550
-7037
1969
-2116
-4987
-9476
9509
9075
-1439
-2237
6113
-8151
-7121
-1726
-7916
5393
-3504
7279
3200
-9025
-9897
4123
3263
5211
206
-4924
7768
-5838
-2358
4977
305
8602
9148
9192
747
-6207
-8199
-6211
1524
263
2226
-8016
8842
-1076
2647
-8857
-1181
-3994
4921
-9849
7870
-1204
1793
5075
-5932
-8556
7027
-1758
8959
-9324
-8952
5084
1912
9874
2282
5384
2861
-1943
-5663
5590
-7003
4430
945
-4132
-3945
3713
-4449
8289
9660
-5689
2418
-387
5850
5304
8763
7838
-2143
-1562
-7003
-4615
1743
-1721
4725
-4066
6665
-9703
5942
7530
9128
-5165
2403
1964
8640
8183
9161
-4127
-5936
-4062
-9744
-8057
3383
735
-825
739
8802
5072
3009
4881
6850
325
7728
4534
6278
-3574
8944
-8071
-8575
-4569
3409
-9389
3657
-7950
-2928
1833
-1446
-4573
3534
6884
-3546
-8399
2707
-6159
-3017
-1852
1077
-272
-1822
2675
-9936
-3285
424
1996
4259
-3531
7704
-1018
-729
-9738
-2665
9884
-5042
8923
-4472
6425
1509
-6431
8977
3345
9318
-3328
-4933
8663
-7023
3196
-5884
-9440
4022
5950
2044
9774
6652
1884
5985
74
8985
-9003
6910
-8075
-2032
-3232
-8938
-8947
2881
-9051
-8371
1071
-4225
1368
5189
-3371
216
-1716
4124
4905
-4509
3124
6693
6012
-499
7309
6267
-2841
9523
-7517
-8053
-7400
5288
-9442
2961
5
-4421
-2875
-1312
-780
7522
7844
2145
-9505
-2970
4498
9456
-9557
5071
-7027
8420
5241
2985
-6370
-8637
1785
1084
241
-9178
4688
-9904
9049
3656
4516
-5031
-2959
2646
-726
-1870
-6990
-441
-7407
7618
-7381
6017
3813
3737
-1837
552
9275
8041
-3988
-9910
8872
-3682
6945
-273
-2434
9167
1420
-157
3149
-2992
5597
-4508
2048
-8981
-6618
9508
3743
-3308
-2873
-784
-8846
-1522
6796
9356
-2999
-1332
-797
6127
-2936
-4733
-8971
-9358
-6573
-2075
-482
-7916
-1128
3234
6398
-8231
-5655
4896
-4333
2820
8525
-1108
-2123
7359
4838
6521
1707
-1441
-5466
1030
-2256
-776
1
7208
-4751
6761
5871
5149
9958
-3187
-1708
-7391
2014
-9007
4293
-868
1318
-9330
-4041
-950
-9686
-7114
-9212
-683
-5615
8479
-4889
-3845
994
985
-5243
7822
5474
-1002
-4599
1412
-1806
-8937
-8305
7498
-3514
-7762
2417
-1970
-3161
-5480
3230
5603
4251
-2874
-6234
5840
-7062
-4978
-9063
168
-5236
-9552
7868
1336
-1039
-8606
4923
6880
8318
-1715
-5856
-9135
7176
6137
7806
-3187
-6826
5694
500
756
-5161
1080
-2679
-1627
-5009
406
-2479
2612
-8432
-1451
544
803
-8050
-1406
-1361
1648
-5444
1645
-4884
8539
4970
-5228
-9942
9114
-7084
-1157
-224
4120
-5533
-4828
8485
-2946
9582
-4939
-7530
9508
762
-6931
6607
8653
-3804
-3518
-990
-9610
2617
-222
2870
-3466
548
9767
4376
-7394
9924
-11
-9819
2669
4650
-1268
-6751
4024
8915
-5942
5980
6025
-9489
5309
331
6542
8687
1798
6047
1783
-3732
-377
8433
8575
9646
-323
8432
2651
3240
-925
-5928
-9416
-8372
5907
-7838
8439
-4453
-7346
-2845
959
2857
2057
9805
-3818
-9537
-6950
-7176
-3597
-5131
4998
-1700
-7775
4492
-1322
-1380
-3560
-8590
8166
7973
9639
2079
8473
-4740
9156
-6084
782
3949
-6574
7173
-1708
-5387
-193
9053
5827
6498
-4690
-6409
-2166
-6893
-9792
-9649
-3170
-4106
6789
7588
9418
-5043
7506
-9978
-7345
3529
3613
5180
-3654
-2328
-6411
130
-5704
9537
-5568
-1729
-659
-2597
-9209
-4870
-2011
-7238
-6074
-9137
-9901
-210
2253
-4331
-9921
-5903
319
3964
-1910
-4249
-1021
-1216
-1321
-3044
-8416
-2781
-4163
-1624
-7841
8970
9911
-2403
809
5314
-5272
-3626
-7642
-645
-2965
-5506
9729
-3797
-5881
-7121
6629
452
-5861
4254
-9395
4115
-4296
4253
-4810
-4615
-9841
7483
-5710
-3788
4325
-5800
6758
2665
5983
8988
-9278
3413
8831
-7631
7887
814
9643
8902
2712
3025
-8472
1369
2571
3657
6607
4858
-8992
-5637
-311
-1388
-6210
-4301
5012
-1537
-6884
-323
-6069
9667
3529
-8415
-9315
8923
-6382
-244
-1053
9485
4624
3646
-3965
8258
3721
-9837
-5581
-7564
5370
2353
-8031
3564
-3208
-4551
-1121
-3186
1545
2240
6909
-9541
937
-6930
-8316
5471
3270
7703
-5732
-7715
6990
-6441
-4842
2230
-2020
5273
3325
2740
-1764
-5294
-5063
8394
-945
7975
-8133
6523
1256
2534
5965
6573
6190
4601
2692
-8680
624
-2407
-1103
-1056
-8815
-8232
-2687
8493
1187
-4434
2042
9997
4460
-6429
348
-1312
7322
-4821
1293
6282
8538
9830
520
6773
3532
-7330
7369
-9926
-7604
-3296
6333
2901
764
5447
8241
-1819
8919
-515
8965
1193
-2195
-6115
-7522
-6233
-6037
1986
-486
-167
-5931
-2487
-5432
244
635
7877
4074
3065
5715
9125
606
-3304
5593
-3072
-38
1739
-6472
2326
4317
-8834
-6502
592
155
-6712
-2295
-4212
7975
-1953
-4080
-3419
-1963
4365
628
3514
1201
-7280
-7473
-9063
-6765
4582
-47
2719
-5458
7259
5262
8279
2143
3547
8245
5504
9292
-5844
-8421
-7247
-1213
8556
7447
-8841
-5329
-2017
-6427
-9866
1030
-4304
-2075
-5145
8210
-6331
3950
-5415
-5575
1386
-6327
4368
8628
-1024
6532
4699
7098
5951
2353
-3922
4037
8382
8696
9217
999
2504
-8429
-1686
1913
1094
1196
6447
-404
9447
1467
-6955
3391
-1822
9662
-844
426
-2522
-997
6910
-8351
-3335
3236
-4138
-5865
8387
-6454
-7346
-2076
-8873
-7132
-6055
4678
-4168
-1628
-4741
-3769
-4748
-9456
-9918
-585
1464
-1249
3779
2817
-7603
-5529
-860
5588
9802
-9621
7332
-4758
6368
4973
8971
-1861
-3985
7043
-9934
6381
-1562
9119
7510
-5469
3040
-4088
5542
5802
-567
-4679
7599
9565
4213
-2610
-7249
-4098
6404
-5104
2604
2404
2725
8783
5433
4183
3501
-1125
-9199
836
-3354
7564
-382
1422
-6962
-2961
9608
-3581
1213
-3099
9075
9705
846
1106
-3880
-2748
-1425
-2516
-2501
1637
8906
9209
-6406
-5567
-1710
422
4680
-581
6512
7541
9311
-2902
-9585
-9249
9084
-4631
-9629
-1467
-1039
-6447
147
8472
9856
1518
-6590
-9710
-9665
788
6817
2610
-1132
3883
-2758
-8514
-5062
-8144
4862
9099
-274
7234
-8401
-2358
1452
3537
9200
-1373
2712
6488
-131
-3833
-7565
-2075
7394
-6920
-2626
-5030
5399
-9730
7560
7943
-2748
8393
-1801
5414
8462
6164
-7348
6129
-9578
-1365
-1636
3738
-5647
3156
8161
9391
-4044
1072
5019
7803
-557
-2106
1790
2029
-5090
-9416
6422
6579
-7533
-8380
8315
782
-7744
5848
3195
9003
-2361
-3553
3996
-3812
-8200
554
5692
8348
8583
1601
6734
-8035
3777
-8100
-5619
-3445
1510
-406
908
-4829
-6369
8283
6710
2230
1829
-5153
7820
8270
2189
-4743
-1505
-5166
-1522
1839
-9091
306
5267
2399
-2318
3656
-7426
-1210
-7924
-5135
8846
-9624
8198
-7217
-9170
526
367
-3051
9210
-9844
351
-3277
4150
5268
8376
-2041
9130
3101
6515
3209
4261
3253
-2394
-8133
-3094
6406
3784
-4217
573
9209
-9744
8010
6970
9539
-5984
-2414
587
-6175
4391
-3582
8653
9983
-3970
-1534
5009
-888
-3331
7461
2940
-2221
9141
9747
1067
-9328
-3829
-157
4958
5285
4406
-2948
5600
-1743
1002
6364
1335
-3305
-2836
-4713
-7830
7673
-1257
6242
-9352
2776
2376
-1426
-9857
9600
-5245
-6834
4116
-5942
2308
-6756
3858
-5040
3756
-2476
-252
-430
-9993
1283
-6848
9131
-6560
-1070
-9321
6086
5688
9713
-5542
7794
-7466
9784
-6048
-3664
7715
6403
8308
1717
-8744
-4934
4555
8172
5087
-4023
-935
-8585
-9967
3257
17
739
-533
-9408
-3632
2792
558
-9373
-6668
183
-6878
554
-4232
-1127
8981
7413
-7821
677
5455
267
-3764
-8718
6513
-7590
-4390
585
1773
4825
934
-2216
3759
-8157
-9843
-5196
9514
-8429
-6622
3717
1056
6379
-7112
2362
-9755
-2923
2641
-6108
9749
9343
-2989
-1070
8570
-8761
305
7333
5338
9728
9865
6461
-6476
-264
-4258
-7625
4336
9700
-9240
-6128
-6596
816
-4316
-8435
3621
5335
8588
8688
9197
3147
-2947
875
-2182
-9915
6319
2162
-6588
-4459
1593
6627
5609
-2264
2400
8461
-831
9038
7581
-4828
6072
2782
-703
-8483
1991
-4207
-3596
1126
-6192
7400
4340
-5473
1422
-9014
-4797
-1798
-3420
-1052
6220
2452
9466
5824
-6921
7425
2850
6215
-5337
-3045
7350
-5222
4756
5113
-5753
8746
1155
8431
2625
3096
2833
-449
390
2000
-3897
4981
2764
-3641
-2052
1331
-568
-3708
5835
2240
8289
3036
1892
5234
284
8648
-632
9322
2714
462
-8022
-8967
9944
-6982
2887
5718
-5144
-4035
-7814
-9220
-2760
7250
7763
-6555
-1617
1670
-6545
-3355
1597
-5746
-4320
-9754
7808
-8334
1019
4550
-3508
-5374
-7465
1462
4718
9461
9497
-9429
9271
5093
2729
-2087
6388
-2576
-9576
746
5004
-7686
9344
9639
-2115
7100
7352
-7298
-7798
6712
1216
2224
5553
1704
1280
-931
2134
9614
-3475
4783
309
6996
6491
-6499
-3682
5040
729
-1547
-68
9180
5759
-5040